0.20439130764207525
0.20240087987199518
0.20157885373639678
0.25933877950977724
0.26281131426738336
0.2559670075033941
0.2501262066166799
0.24822194306511527
0.25958240239854274
0.2623589358818123
0.226645435368995
0.24436586452699566
0.2308025534116916
0.246713353395547
0.24611865487769957
0.2457840598085239
0.24629387866546074
0.2600269623316632
0.24437717402694314
0.23435994959576967
0.22430522525800264
0.25282470466947415
0.24685538017189357
0.24489395470411515
0.25862483555103927
0.25716520222077915
0.26007567861504344
0.2700327624987665
0.25541187649344566
0.2709552460354938
0.2678837773472956
0.2771432091980892
0.2584079106637677
0.26773536635961215
0.2679732615023659
0.2567194853824115
0.25346296202011187
0.263528630824048
0.26654485477393397
0.2756578118743625
0.27888368545218223
0.2482723853737811
0.26226055174732626
0.2661419874743016
0.27766916566200034
0.25882355691483294
0.25525111693401104
0.27146123620897955
0.2618672500607006
0.26785860604264966
0.25370062960858614
0.26424830115295006
0.25623906253878337
0.27443614441323033
0.2790047771923916
0.28590833034916124
0.28395873084078105
0.28786887497800273
0.2772160204118769
0.28356147974101825
0.2691941929373176
0.2767581175895709
0.2649535438171805
0.28410757946055554
0.24274020794704335
0.27590978755342976
0.25926328729356585
0.25540762093634534
0.2717767843619916
0.27745759289582894
0.27989876397722835
0.2836452266700634
0.2602020116583025
0.2550956842326649
0.26769406883934493
0.2500987754866263
0.28245228341275647
0.2709953982613848
0.26825094009771716
0.2709953982613848
0.28588455460878087
0.1440605487497458
0.13947599622357273
0.12533306471246636
0.17018097268689902
0.24748103194785498
0.24731500212794322
0.2591013426133513
0.25478520251238473
0.2578748100392044
0.2544728271808829
0.2591013426133513
0.2520959577325255
0.2603189738491504
0.26424580072271
0.2791734434553796
0.2881636249495776
0.28995761267113385
0.2915675107377461
0.2797288064013689
0.3046702571653922
0.298151610649139
0.30056636906612455
0.3009515490680432
0.28367802834344813
0.29833582318778484
0.28566820126116194
0.27494223501267434
0.27494223501267434
0.27494223501267434
0.2762311471754444
0.27100824117869754
0.2664465498414073
0.2854279323553035
0.2619500700270461
0.2738267578201794
0.253803914387402
0.26357760515705575
0.2619558637632949
0.25251555495015576
0.28227751135518353
0.2620503023296153
0.27766916566200034
0.2695943904103613
0.2619005104185146
0.265106222558035
0.2723990791684515
0.26673601131599284
0.27766916566200034
0.28600523752079676
0.28058440678691376
0.29981725442925866
0.29981725442925866
0.2908065294011801
0.2973338932123859
0.2927706246521412
0.26218356670936804
0.26804215809183485
0.2793255937094318
0.2749186353949939
0.2749186353949939
0.2812452183939075
0.2779170381115589
0.28530725953715574
0.280997345944349
0.280997345944349
0.27306618330681587
0.2527766972830421
0.25127289006261194
0.24816320313710846
0.26388723429052136
0.2400104628206004
0.2529056814548769
0.24047878436111664
0.25541603159039217
0.25256575892050565
0.2697471690575216
0.2750782336520629
0.27376118308120945
0.2862502761079426
0.2884959205934936
0.28574063228755153
0.2854332420451887
0.285294662395534
0.26547667492835975
0.280997345944349
0.2654930907742359
0.2761078001241461
0.2766252442473634
0.27612787634027425
0.2819103914657929
0.2782278484296387
0.28696675281830086
0.2794989306413303
0.27711712415358447
0.2794989306413303
0.2675231626504198
0.2680558291647937
0.2716535567858151
0.29552882013096127
0.28399953128419725
0.27808763306488005
0.2583511149004625
0.26049826627670736
0.2614292938814617
0.28034010098890966
0.28153590118151506
0.2887317037441526
0.295917471034294
0.29439093510331416
0.2838805034550975
0.2868468430995394
0.20800920575266513
0.24586738532340338
0.26351268400987
0.27297958894288676
0.26401147219677534
0.27376727172137416
0.2712451481156981
0.27275422672631056
0.26970707469365074
0.26340842714041046
0.26525711116205986
0.24759196725642196
0.2647912318150351
0.2592579112819161
0.24634773086713396
0.23849428669928383
0.24446200114521568
0.24533348066581817
0.24843843690719333
0.25350692530766794
0.2556758195301555
0.26049826627670736
0.2607517592986398
0.2624605906655868
0.253560749033517
0.25745524908269335
0.25284348896100883
0.25354446228635485
0.25951981001623103
0.26424580072271
0.26424580072271
0.26424580072271
0.23829784931959205
0.2415457231955021
0.2376513281800055
0.25873580121869394
0.26637889441130214
0.2708779702496972
0.2570377792267498
0.26541326364424456
0.27297958894288676
0.2768719422083121
0.11969637765674893
0.1116538614111239
0.11692707083281283
0.11115093996990341
0.16247596860599856
0.19733512308839896
0.2182768388160038
0.23539773500440564
0.24589792810641609
0.2537060522977276
0.254881910209651
0.28787810290217597
0.27100824117869754
0.2744447876874002
0.26843743622576766
0.24109188624149913
0.2797214950120407
0.27153395349855086
0.2810927778109543
0.2719576867521433
0.2767314856330209
0.2707524143234212
0.2767314856330209
0.2691511985212046
0.2810927778109543
0.2767314856330209
0.22880314535000917
0.23778722447159462
0.25948474014883005
0.2666805427114677
0.262968078132866
0.2666805427114677
0.2481279551869132
0.2446024547703347
0.242312247667025
0.2732110327281633
0.271059817503324
0.278097512507715
0.29648907414691
0.28147847738214615
0.28895444301788
0.2849618959592113
0.2812494313806096
0.27658204159267785
0.27622263455932594
0.2778963480326293
0.27622263455932594
0.2965019964020861
0.26398184877449016
0.2613094251444757
0.2737847268604313
0.2684063271057735
0.2836045108322697
0.27271362352386985
0.28121018393714026
0.28541447782789436
0.27472663964093125
0.2661419874743016
0.26242952289569993
0.2643136455266826
0.27249412961866537
0.2810760453464092
0.2712572392198776
0.275640888887439
0.2670009458858259
0.26603541585095464
0.2743883941149552
0.26918066266865026
0.2627433048777833
0.28159793291479107
0.2694223626590016
0.27051999706301044
0.2595784272288654
0.2477258460768741
0.24063510037642152
0.24661158885119133
0.2662662101280127
0.25961902839512163
0.25048852531891197
0.24388810628553548
0.25472675410947
0.25854808716872457
0.26640914279187083
0.27887852012579073
0.266603472093763
0.27065645687984596
0.2695943904103613
0.2694166312917098
0.2768719422083121
0.27887852012579073
0.2768719422083121
0.27887852012579073
0.28046293453334653
0.27551269735261985
0.27277248294831313
0.26224569143045456
0.2822297543513712
0.25542156056278864
0.2680186478684128
0.2638107621728861
0.2473727028629938
0.24970106564401406
0.2689318348747833
0.27407766993827243
0.27764241068047757
0.27027279478121435
0.27275514642822407
0.26769406883934493
0.2748898714019825
0.27166998300772327
0.2748898714019825
0.27016388069550357
0.24355264267442406
0.28241609158711584
0.27891997916559497
0.26681946557263947
0.28673946009366563
0.2815298989191613
0.28159793291479107
0.2950620204666857
0.2660771832690557
0.27347998938892815
0.28253301121994545
0.26970707469365074
0.27887852012579073
0.2795273129975001
0.2617574214405554
0.27747653364782915
0.2670814256236841
0.2607798282393162
0.28960781735255803
0.2898543775749984
0.28897992110888016
0.27799029554288107
0.280810892836836
0.2792260671325134
0.2790973059854484
0.27407088298859716
0.26539022459443257
0.26561373438984326
0.27112459458803023
0.27858093920289734
0.28345945176250764
0.29640856629462864
0.2814764606612238
0.2844764864236121
0.29313270569093425
0.2933465045797133
0.3014848546645962
0.302235840267691
0.29182892225424056
0.28014829809115716
0.26689655793659617
0.2782769565829838
0.2755578221953592
0.25994615758289896
0.25103132017342916
0.23572116009046357
0.16356394952642273
0.1534280447119057
0.1440899879463035
0.18111294394654126
0.19673710180740772
0.19422055711492564
0.21272226711568545
0.18286872568938245
0.2038955364123779
0.18941327414352538
0.20047469420301636
0.19803385923094335
0.22357147539966044
0.23224322926031865
0.20782648335033183
0.24660702591718442
0.2281571963209051
0.2697319540688067
0.2566695632397891
0.24152069300151285
0.23801642695876032
0.24509095856135965
0.24152625636452785
0.26581095809208977
0.2523596238009477
0.2712462029309879
0.2709374707411001
0.25755984152737965
0.2781926521991211
0.2651335050992984
0.2754303027553514
0.2529537022953205
0.23977259579865173
0.22913061637472593
0.23669296951070878
0.25698001079052163
0.26511271976985307
0.2655893604122156
0.24787040033433794
0.2645499555896342
0.2474669044089584
0.24788640669514445
0.25039581993020843
0.25190020185843487
0.25590647317700427
0.2558534265213241
0.2590555023308471
0.2616124002272405
0.25139970536572975
0.25190020185843487
0.2485504963799954
0.24630511220289725
0.2717160056983714
0.2691011060779206
0.2648504354925351
0.26339181138645845
0.23424460378998116
0.2610583729404524
0.24846572312423443
0.2503079287477044
0.24506309299297435
0.2573334910638252
0.24417042119982205
0.24289585516843265
0.2548048734526468
0.26509195021557735
0.2659709423281782
0.26047815766365034
0.2659033522246735
0.25978307658667
0.27213550798455743
0.2739479196740481
0.25445373678579675
0.25108395151961954
0.24390495281690389
0.27033753881553013
0.2647123233846683
0.24254643479442534
0.253849238187556
0.25460947930684785
0.24531756657491965
0.24983150728644765
0.2473806605675336
0.24622515869449824
0.22794034828919985
0.24769991529205512
0.21849578999384162
0.2329214924801314
0.23878582849446367
0.17318312364839492
0.1523983637289898
0.11419475583138641
0.12580021217328566
0.12651108562269617
0.16987158281799686
0.24524913156978212
0.2558640324605218
0.27044335675296893
0.293648834413322
0.3065675673551568
0.29955113000871214
0.3033159602215676
0.30591105974542643
0.2973780234730768
0.30169943240031494
0.3119472563356931
0.3017868199343212
0.30169943240031494
0.30098506355760507
0.3190227681486232
0.3127716806233356
0.3087179089573898
0.304534231142295
0.3084744464336261
0.31255103516781535
0.3119588000162422
0.3054062288369924
0.30518248069353515
0.29518573598226994
0.29136839258228864
0.28811946150154394
0.3160599035757274
0.32268106072855784
0.3012349797231424
0.32218412131485163
0.3127716806233356
0.2983996498908962
0.31007239589697866
0.31621059787120426
0.31784393576852943
0.3131643018755188
0.33245298374423893
0.33348903474197067
0.3452255032810395
0.32108754510793547
0.31392158988928476
0.32098143335637974
0.31263484378766127
0.30787702470673195
0.32225836860072254
0.3111897335694179
0.32843448760714006
0.3369568013267841
0.3452255032810395
0.3470416309005723
0.3407708096221793
0.3411148463169379
0.34632664309488176
0.3456976548456019
0.333395813787533
0.3443287136835615
0.353642473368759
0.34523166355799106
0.34737719287414015
0.3488929888177835
0.3278875640679906
0.3218554936246849
0.33298588760098713
0.3276372044676914
0.3254840566244768
0.3258443419197719
0.3315045283835643
0.31607502793490216
0.3123767508851485
0.30826206648455357
0.31457952134934286
0.3211617752647893
0.31904169494024337
0.30131368394403546
0.302349027092375
0.3165930151541605
0.3109716758109443
0.3256262091302953
0.3322281762815815
0.31722263200413947
0.31084642153607
0.3208907926696247
0.3251085117955693
0.28551707170775187
0.2943438585112485
0.31366314913038407
0.3065840823346448
0.31363071441372886
0.2989306391448004
0.3128088646997378
0.30402098923411236
0.3027902816992102
0.30555196478180974
0.2828134500709298
0.2925485321081286
0.30323600906272774
0.27547210078134476
0.29696956152439236
0.29795612842011276
0.31408518392613205
0.3097191299400322
0.3046910885017335
0.27924532238363414
0.27492054116317566
0.2710686346614354
0.29134247445465855
0.29849325989907594
0.28625586093807287
0.300315521444785
0.2903697203709681
0.3067854687293789
0.3057699239705095
0.3265212579116159
0.31356164715680396
0.33379588969017815
0.32373240529076835
0.3180454958685128
0.34753445617201484
0.34037568497560156
0.31509349447943924
0.2929181564857707
0.2857810217182377
0.28915677818436447
0.28073124863990806
0.2912511262289263
0.2864589212076728
0.28552662558645503
0.2809806375185284
0.2779266337698162
0.2845135717128441
0.28770994955847407
0.26340842714041046
0.11838162148040421
0.11330040370426023
0.13214622559059302
0.15317524446052827
0.21579290339030294
0.24504935347833134
0.24380928569172172
0.26892478273919335
0.26476851343993807
0.278531030086501
0.26912057422695546
0.2947802785153807
0.29597342433689583
0.2768156492612841
0.295884672147663
0.28603295142889773
0.2723933699093953
0.28118526717160236
0.2677874585858492
0.2823724340079554
0.2716686652057656
0.27962100293814074
0.2815544049808159
0.2860298183994088
0.2925306356303292
0.29288352253004124
0.2752648203900493
0.2704747948048524
0.2960327564195884
0.287499847189857
0.2949653022123698
0.27462989411967564
0.28883172862215334
0.28586357144876706
0.26703041967221064
0.26769286853410446
0.27610449220002353
0.2778187969003738
0.2828134500709298
0.2678865636905135
0.24607511653445027
0.29493330107405413
0.2879873960602267
0.30737226830872827
0.2866939758152899
0.3078425173131189
0.3281037332441665
0.2984858447627864
0.2959397312989491
0.2691637937971025
0.28463284036837766
0.2999673445570714
0.28669872505083877
0.2914784506712983
0.26702671149355106
0.28057785949159525
0.2674068135847778
0.2856618744773508
0.2721829986078834
0.2692228700326295
0.3094820689604132
0.2621435473388918
0.26800922549170336
0.23234529134268905
0.2565514104649185
0.2821277942914121
0.2613084964107224
0.27444795107320114
0.27309036356694727
0.27819596185408635
0.31160838817783837
0.3131305555709666
0.2743197554162359
0.28408587431084176
0.2874113262067358
0.29731479292280305
0.28120862210425174
0.2749818912031948
0.2943048392107553
0.26482445588398423
0.27099638591204334
0.2793117241459413
0.2722063084540878
0.2986274040847481
0.3051993984098561
0.2716910125275829
0.29388397469039734
0.29165721407334433
0.2882315969404242
0.28837772397910766
0.2836555970973903
0.2931701222673573
0.27860030606696873
0.2601306593704655
0.26070112185033356
0.2811647658448158
0.26815767560881465
0.27196331277432506
0.2626326228388352
0.26078387114253604
0.2497871920451415
0.2637662302586808
0.24041187596689192
0.23466889784158448
0.2748729397298002
0.25894599314011885
0.24516154003218285
0.2529205354426123
0.2554527349338981
0.2459156123535837
0.2470938611437902
0.25581288285057213
0.2554209646010277
0.25524559191073537
0.23481224771522136
0.24245821772054182
0.2506123902260021
0.22973529712644858
0.2419541971123749
0.24715722305441806
0.23940600655497485
0.2600325472655467
0.2511204821714351
0.2562969310480082
0.2682441899567621
0.23288562761631892
0.2601499882925005
0.24848734838678085
0.26542165468168927
0.21816863099497663
0.24463522197203297
0.2374632125531252
0.24747437245922177
0.23236175930658354
0.21820657571643548
0.22992074839792295
0.23571822775218498
0.23624859798004644
0.2187636093602538
0.24039895064019295
0.2371820179030964
0.2318533224447666
0.23802860721952737
0.21115501537633202
0.23674376396268498
0.2262257906471673
0.22993433955623416
0.20350389274933325
0.13438708888351428
0.10285842001392737
0.12154410853058763
0.10178276821968268
0.1061310792593603
0.15749173713920825
0.19017591054959349
0.21862385976073376
0.21684287771302665
0.2268273478239785
0.22604019120679347
0.24436256530785444
0.2550519076074489
0.260141035786142
0.24106345468393003
0.2288661827271371
0.2528249634642076
0.24917885375199422
0.22581413868682038
0.21718545920018556
0.23292388321860213
0.21411895186421842
0.24449679945482858
0.22948997317994158
0.22906287766070266
0.2377195432619943
0.2500789666571356
0.26178995870694527
0.25033916048257443
0.25618009979661627
0.2487061794568287
0.2333297124540165
0.25647346056609177
0.2448597781763222
0.2554938212089114
0.24078502940460092
0.24804436398632454
0.2587931944467293
0.2702997834178853
0.26628890887288714
0.2619553586691428
0.26637370781637026
0.25741188407439536
0.27840440225817237
0.26122870718598096
0.26122870718598096
0.21919691141732736
0.2670249949054321
0.2816638311514744
0.28648875900531934
0.2941686617793917
0.2670363740921595
0.2631782756789802
0.2785212483695914
0.26499403965510704
0.26086440131593347
0.26281725051920274
0.2589705312927508
0.2614474220377984
0.2705673301006161
0.27730362426734295
0.2747870218191725
0.273315797240427
0.2745950246259653
0.2736346819424828
0.270483003448596
0.2632821090536424
0.2720886481193431
0.29534356934237405
0.2912023381321369
0.2791927160010029
0.27136244953863187
0.2670905301823083
0.2726219858073836
0.2667892857335584
0.2780564046383853
0.2631220749488545
0.27785947444986636
0.27611500251961163
0.2648312207212852
0.2685626660095511
0.26297378857117937
0.26264657092002736
0.2485237133075976
0.2700980799210229
0.2818765035240922
0.30468176788194123
0.3010298205722625
0.31993672170265364
0.2937553755616023
0.29148261390027896
0.3334015219451868
0.31505148872921496
0.32113898902382365
0.31863783626276265
0.2985555815864288
0.3021143965862416
0.318539500123284
0.3172644570696526
0.321156498535626
0.321156498535626
0.3241716974009534
0.32299860186329915
0.327849927946664
0.32483472908133654
0.32906064605359375
0.327849927946664
0.3455479834659789
0.3120151561040138
0.30172761832018824
0.3248682137162232
0.29929531159882555
0.3170195435374058
0.3203243589790858
0.320065218403412
0.33381230083000435
0.30237852851362224
0.33690160611278663
0.3130597060945681
0.32875375584642097
0.3224562429858958
0.30630715883401527
0.3043460040513015
0.2907799406076802
0.29796079835253475
0.26972954686786943
0.2913822202373743
0.2727246984384173
0.29427901879344437
0.27920497179874343
0.3141492257064127
0.2858755281319071
0.28142063576820864
0.24889811391867311
0.2599204404642449
0.23432451496998125
0.24537344020714455
0.2350295775789572
0.22074370197399168
0.2331272977820522
0.24356438285654433
0.24906958554274114
0.23942421038687817
0.24546267997901294
0.24869745026647194
0.24144918672328503
0.24394318127451936
0.23775872727672648
0.23985105860768285
0.23284937367320716
0.24454927011071492
0.2571008487586087
0.1900305594520328
0.2000143891895808
0.21166782020217162
0.1931228913774405
0.1964882008699279
0.21857727075053182
0.20743315398025608
0.19613218260409643
0.21110881032205714
0.1927630448952917
0.18384774776832288
0.17087543157333787
0.19314038868605043
0.19908721962467002
0.18464253668181954
0.17744854044816943
0.17014159242801657
0.16030726828619496
0.1847589740952867
0.15543112198393527
0.1733646144688154
0.14964380885282977
0.1533512599959718
0.15039837423350072
0.1629423315241242
0.14738463136350632
0.14442041558920682
0.1512192387421756
0.16257116983677866
0.1523587037111531
0.16227454565270547
0.1523055244472864
0.15996000712675448
0.13995116261828267
0.14616475422436137
0.15647635762677253
0.13496264597166643
0.1411954229219673
0.15706701249403948
0.16978374894398326
0.19117442782598448
0.20025050245385353
0.19987711958630644
0.19547521591201578
0.20895941982640265
0.18658947485025826
0.20279464431438093
0.19920526754179052
0.211765912258229
0.19794321041314583
0.20078596219201125
0.23029071845037088
0.23404784594895472
0.2135984111696732
0.2174017061758598
0.20031349191186004
0.18234186959224077
0.17090971343730424
0.20084334400228082
0.2201110687032057
0.1868192024683943
0.213440687125575
0.18862168436784332
0.20758595597226714
0.2119272968433781
0.19989137150028208
0.21956299160072257
0.20337182626227607
0.21293682483796544
0.20277428132971254
0.21215709983799064
0.21016351716140846
0.21014094362032965
0.1916850682426372
0.1936459028705577
0.17318532490759087
0.17347794095984956
0.17411262567485714
0.17460927183654817
0.2040034135152205
0.2056543342494181
0.20695347343205095
0.21478172770873644
0.22361360764631033
0.21710749297438672
0.20510788546725395
0.22005039919178493
0.2140017532933845
0.20428638529573373
0.2083974638763579
0.21685510209598874
0.19977800143222746
0.20896395057519426
0.2195990653275748
0.21941734262980717
0.20260044071670397
0.20469663906169816
0.21859033013515264
0.2147046819419601
0.21105702900827866
0.2143515848758088
0.2068255680150165
0.21762582322477872
0.19509163481831265
0.19535953147972263
0.2161332115119612
0.21267839031486402
0.21352845665926262
0.1990970108100276
0.18927963616205068
0.1863810618236304
0.20033424881693496
0.1992855627768336
0.208158157684306
0.21408461916907962
0.21889395768372788
0.2103422257921776
0.22652329362580528
0.20774729951240273
0.22324188097385456
0.20731218670404292
0.22369628795666568
0.2147981339457312
0.23583503262563776
0.1987796872439978
0.1961901859198219
0.21055461126586378
0.21777059612907487
0.22392064239010773
0.21141971427747508
0.19961260656334462
0.21141971427747508
0.20161573534693167
0.20822352288695806
0.21896021718110076
0.22300295381609037
0.21008411633995666
0.2237276395860176
0.19319600256925437
0.21510968571917516
0.12168190712525911
0.13229205297211485
0.14906641755351357
0.15448307344445517
0.15445279706987194
0.19161645130069643
0.22530978728142714
0.2309840094968169
0.21196184631714024
0.22488015066344857
0.22053572118807074
0.22729593305278525
0.21734545619149082
0.21952072455089416
0.23625999569752576
0.23979482996978385
0.23010484103492262
0.23408392875884015
0.22742218587693536
0.23537262519324226
0.2085965368246528
0.2223649317748595
0.23287520116586352
0.21000270268759014
0.21830987454237893
0.21621067145310408
0.21568300274010063
0.21770402006503414
0.2151064326466332
0.2194351471468767
0.2146008464295786
0.22105567705876117
0.2404423405507502
0.23333116124149483
0.2291988899637587
0.2307871236021751
0.22112437839448826
0.24976155975363137
0.24784646338856228
0.2460943521439427
0.24305590864704574
0.21866549026345183
0.23654747475865173
0.26207459970756786
0.271639201215537
0.26459300599492863
0.2513901066644015
0.2513901066644015
0.23856261153423114
0.2626048747193661
0.26820697389261405
0.2610657400068464
0.23921301814903406
0.24344510034061684
0.23576698287009712
0.2545753619093602
0.23641221991756528
0.24596922236220298
0.222669268134906
0.22549984703834922
0.24010515736761756
0.21817910189893627
0.23468463539549844
0.22833564111857493
0.2282066248084475
0.22124764918350526
0.22018389058621318
0.2294755315322362
0.23161401603397738
0.22508789978955335
0.23272162108425526
0.2491557135238759
0.24012924341828307
0.2490810151118208
0.25273807636498474
0.2554227807911992
0.2554227807911992
0.2581074852174136
0.2581074852174136
0.23852748695203355
0.2536201798713399
0.24523429588536888
0.25523371027788644
0.2461170741186343
0.24283701407911118
0.23829784931959205
0.2387545723592665
0.22406121939597015
0.23613788114511097
0.23931646638999274
0.22116936966631182
0.21991443102479868
0.22907845199262605
0.24052112844908852
0.2212244227589758
0.23863381423699875
0.2274286747236156
0.23780431596999443
0.23800423372692525
0.2417735077241364
0.2487779278006014
0.23133785300600565
0.24651999546315984
0.22668543124580554
0.25254596269111396
0.2592579112819161
0.28256918440976925
0.2748898714019825
0.28381159336201045
0.27133224375772047
0.27133224375772047
0.2900932536794051
0.2748960624715091
0.2788144421538232
0.27044335675296893
0.2672293285035309
0.2696891637430989
0.26259300498381155
0.2935687565530245
0.28300778167848684
0.27338506763217446
0.27092523239260646
0.26717303830278094
0.26558994596588575
0.27799029554288107
0.27799029554288107
0.29231080450355496
0.28365321012908573
0.2598385908857625
0.27289160341072827
0.27156063134404196
0.2733311785271446
0.25934100103805025
0.28237142030194134
0.266603472093763
0.26898527858150884
0.26628890887288714
0.2684063271057735
0.2680821158380603
0.2690580013788728
0.27609806090656597
0.2768719422083121
0.2759042308228281
0.2734674046946526
0.1311522408971162
0.11548580755331674
0.10757754486340412
0.10495730256395489
0.1339616485106598
0.1778905612125998
0.1653296692190359
0.19258568099100792
0.20630444567830306
0.2094725365967398
0.23816046558366813
0.21272025138893141
0.215737547393845
0.2143808335501161
0.22246427495080667
0.191675866579798
0.22882039453516978
0.22479979837676353
0.24103971798775248
0.23845346334105244
0.25026752990916246
0.23537390970140304
0.249636249811645
0.2668925727901076
0.2751835920708884
0.25153083105843416
0.27730461440285004
0.24059307101377386
0.2625872948797776
0.23990314445760894
0.25177380845336306
0.24588871536564239
0.23624451044058933
0.2182749388397817
0.201382621478771
0.2076852306467923
0.22386237418848554
0.233152246377239
0.21363820665901148
0.21022445792428937
0.20579247425000444
0.23318106188944476
0.1980917461613803
0.22736084656380695
0.206365738913442
0.23003429794311725
0.21726741828246554
0.19102916158206476
0.16715622029431781
0.1762211342455829
0.19703205360411
0.21438833001413832
0.21333242294231997
0.21100053513027558
0.19303343237694592
0.1855580632707003
0.19284476724716398
0.1909933236242573
0.19281207615187224
0.2096556346171024
0.1982756394355487
0.2011974077726005
0.20195505357008464
0.20379952639636806
0.18878822760333747
0.20279496144945208
0.19327734655009288
0.2271503247935746
0.2526049182610955
0.25254460795451694
0.2665474488105578
0.26604124380963323
0.2569040845028073
0.2781174852067344
0.2852100396533699
0.28673499700988975
0.2736225479704406
0.23735774819448135
0.25991859270494255
0.2629130377925238
0.2736267378258726
0.16841475221884414
0.10212174029593676
0.08791163548156486
0.10100994845311413
0.11531631930633868
0.13596982308625288
0.17087702938571087
0.18489076765452986
0.17551351798503928
0.18543445880388054
0.1924489175340232
0.21775391708181346
0.2062145232870265
0.21410762619837503
0.20876314446859856
0.2006849179830928
0.1943927161892537
0.19699450947197067
0.205296361066548
0.2542519826475528
0.24194633636472698
0.2679106377538433
0.2567987065707872
0.2773114410799704
0.2773114410799704
0.2772358445198336
0.2772358445198336
0.269636335876381
0.28164121804780257
0.2761414484354343
0.27109563435396544
0.2736575827847332
0.278630663998196
0.2822197332513748
0.2770679153749577
0.278630663998196
0.278630663998196
0.26879911318617056
0.2786984159035072
0.278630663998196
0.26210672230622095
0.27114882475904506
0.2770679153749577
0.28036363635028194
0.26545021761255433
0.2653807875324118
0.27768986120419215
0.2759202981610427
0.27371918620377467
0.2619787927450293
0.26607157678239435
0.2772375444658897
0.2711633862592766
0.26581990703351666
0.258504051731253
0.278630663998196
0.2862387410087378
0.2967716899815108
0.3089219967628889
0.30677452283170853
0.3057758096089086
0.2933600662202017
0.30602594445105735
0.2859829078382006
0.29231742169411457
0.29108935778035794
0.30375523601121357
0.29267859342401664
0.3062974599285043
0.2721302158588885
0.2629130377925238
0.2772358445198336
0.2736267378258726
0.271934260011073
0.26909475740790934
0.27602682652373617
0.29486440976227346
0.30439450794891265
0.28973852705923436
0.2916381188670917
0.28942000943608726
0.27825676951836315
0.254860856303448
0.28917582484809035
0.2623584791409005
0.2675594437095239
0.2570334595696495
0.2696180684833075
0.24937295573544027
0.26140534981275765
0.2660110860507289
0.27820774725462905
0.2755067572846963
0.27313573132169733
0.27561200372380756
0.2764464882791898
0.26617479466573163
0.27338506763217446
0.2806760752677495
0.2662513977108416
0.27338506763217446
0.27615772384476056
0.27240538923743307
0.27512592613393333
0.27423358789959806
0.2807761464446421
0.2709703467015129
0.2702997834178853
0.26835214062657864
0.2590761980645835
0.2778364702632956
0.2590761980645835
0.26880037845373167
0.2510953213367032
0.2554209646010277
0.24325033760925446
0.2575956389616757
0.25914484655629433
0.2557523412247472
0.23830266088040064
0.25474633940559627
0.2522069565177969
0.2522069565177969
0.24564869889536034
0.2509109930004822
0.22840594217604993
0.11374136904532994
0.11458265272840851
0.11210178080148367
0.11815565755493757
0.1255286255731784
0.18743230928581478
0.2197811662403935
0.25138214172967366
0.25941757966171297
0.25138214172967366
0.2624725480993178
0.2734167287719703
0.27435475167229584
0.2769333941575259
0.2554209646010277
0.25572614456900766
0.25868197401557774
0.26629228362261326
0.2838419921785278
0.27526604823943324
0.2725065393541579
0.26986276952491467
0.27120043776132363
0.27120043776132363
0.27672566292711465
0.27231081735110013
0.23998210016725446
0.2702227133545999
0.2705769023504737
0.2594150659735218
0.2646826401052942
0.2670067458640032
0.26709688324931236
0.2548448404647671
0.2641508183662987
0.27079076959740833
0.25791107314710016
0.2610048838736946
0.27444434457923306
0.26103657079326037
0.2631763700423277
0.2651536202643742
0.27479853357510686
0.289795796482565
0.28485773453882546
0.3025302124513296
0.2927955916839019
0.29754510749204166
0.2854606446439494
0.27644987891024475
0.29846697668717553
0.29715399620862626
0.29507412764740076
0.2997271165981666
0.29933734658190425
0.29059865235818444
0.28269174754080584
0.27864934436269556
0.278334642077799
0.3061046110093425
0.29000312539075496
0.281251354385268
0.29548478989937443
0.2862703499964536
0.28918168080214524
0.27911734898279295
0.292526111880856
0.2775537398265707
0.27911734898279295
0.30045365513837907
0.30965929395204084
0.2833509708737667
0.30204690408965884
0.3029895975111659
0.29008538224487407
0.2886339728980528
0.29342983528260935
0.301348928190881
0.3054811325553981
0.30383718688857536
0.2906582706411913
0.29652771881710493
0.3044346236344836
0.3246897378954532
0.31547990691724004
0.2983054038243583
0.30966918192026777
0.29652771881710493
0.31803725250117687
0.32225459537043943
0.3178504848212801
0.31835218886037464
0.3254772929808659
0.33328736611828275
0.3335601451575702
0.3228810166117175
0.3171748362438811
0.318505425267692
0.31365860999363565
0.3061785028644317
0.3218164000726833
0.3121036826591638
0.3301249855939983
0.33008708038822715
0.3149307069987878
0.31014574141057966
0.3097195227577185
0.31081118245489514
0.3166083012909051
0.33134511327372473
0.3252400305865561
0.3258663079780774
0.26797247792014783
0.2122008113523
0.181116629988948
0.20516985823869743
0.2459623830335651
0.2739894982660166
0.2815272691833387
0.27648349281725093
0.27643491472284276
0.23991111369043058
0.25796650118948394
0.24703872622823891
0.23490195361650884
0.2168189461481597
0.2248862255753594
0.23997216083422962
0.24099900840646327
0.24037462551893185
0.23083164618950375
0.22903509615439333
0.24173104376222815
0.23713207028480088
0.2483203856392228
0.2647391592972165
0.2565102411702935
0.2651898408669004
0.2615227003124133
0.2529049414883259
0.2672831141527582
0.26577162866532134
0.23693131860359068
0.26229337924454943
0.2760233820692717
0.27270955544113606
0.2542137641942675
0.2624776382726631
0.2690069839050123
0.2608428547626909
0.2649510709325515
0.2651159126087944
0.25702549555149706
0.255554748249563
0.24467372446250185
0.2574346388453892
0.24982508133666714
0.2516606074431259
0.24712051884007707
0.2500151611052591
0.25573999315934537
0.2495460858724053
0.24975037971252442
0.2573788070015213
0.24735311999829723
0.26447837565851606
0.1779507902328195
0.11160984006142782
0.11188831736269339
0.10402355210154939
0.1281956788091365
0.19250247767242876
0.24029966334502711
0.24662296447913074
0.2501947914096857
0.25579607537679483
0.252108447293014
0.24214555433707424
0.24835488345885887
0.24006506815769793
0.24395533330538655
0.2555418253233937
0.25495863200850877
0.24843054039357426
0.25187907836885937
0.24929795450601216
0.2425883505249426
0.2532137315055832
0.258795166525246
0.25420324359850316
0.25602746384426484
0.26421901307090667
0.25186796591360733
0.2643569149773463
0.2665374678468747
0.25880525613110683
0.2541143092035806
0.26199422808170947
0.24595166923704684
0.2348633866762212
0.2509682309020821
0.2412905544688077
0.23508919020628902
0.23569799274778924
0.23529066388994246
0.23863291468162337
0.23222216226004133
0.23913440091332733
0.24317889643927293
0.24446200114521568
0.23591905648019162
0.21764143428894084
0.21054809354874174
0.22850686038479523
0.2280311444497501
0.24729348036555943
0.22887490185780338
0.2258692334500517
0.22898139141341878
0.22898139141341878
0.22822244397739705
0.221799207961762
0.2207452098508046
0.22996438705685618
0.23164666078891072
0.22886876319004024
0.21560161848861095
0.24226002379487943
0.2667273895435009
0.22900208449720938
0.2292665675353883
0.2146357734191522
0.2042555766607334
0.2507977889693243
0.21856163201153783
0.21524469884089326
0.2314122431991898
0.2319724604130853
0.23201900229855038
0.19714869040911331
0.21590446453931217
0.2167923230824686
0.21802562617979784
0.22200418851152642
0.22884461358160466
0.22212646246040393
0.26265421036547903
0.28240627626749887
0.2843102043333708
0.287700058673792
0.307035403982508
0.28839495351324534
0.27795913399837036
0.2859618350115137
0.2851634088693632
0.2888488609169023
0.2776560057523266
0.2786934471822799
0.2827038248492787
0.3039536882586986
0.28501779406403854
0.2783887961587154
0.28110404848558174
0.2682840653601624
0.25321020797751226
0.20830463399844185
0.25100347256593303
0.236318721471104
0.25741188407439536
0.24524797012728589
0.0821359161849052
0.0672684007268265
0.09293088772131705
0.16820341374625275
0.2285528705764358
0.24002061682393466
0.2626534545378385
0.26241223032411
0.2524402206446228
0.2524462348988499
0.2786824709664779
0.24993499512604186
0.23828401226350038
0.2429100310993206
0.25737899541248904
0.2632356455313411
0.2740608176014462
0.26473434558034087
0.2796926825108188
0.2864178828826496
0.2806350350578983
0.25857988555267547
0.2738059107588898
0.30069182462951827
0.271274601984328
0.27488925039099676
0.2653120666453378
0.27125374959487186
0.24940132075857466
0.2637398852170948
0.15433097716306488
0.11793341671711965
0.10757754486340412
0.10982060101331603
0.10251339421857314
0.1855533486141293
0.23138945065763405
0.2473587969228737
0.23973931230935985
0.2513901066644015
0.23098830932228104
0.23393244976630914
0.23595336713714227
0.26424580072271
0.24371160625939192
0.24482586047662833
0.2375943766351284
0.26323227459483267
0.2677703212626915
0.260302691325553
0.2727259461038671
0.2558831971335511
0.22083113489187114
0.24126866514740553
0.23727937931636414
0.22449450292546203
0.2315128585381724
0.23829784931959205
0.2555350696874903
0.2496662383927508
0.25214514801778054
0.24504827165432033
0.24783555126838863
0.24435020981361566
0.25138922870449054
0.2639825594570645
0.23824926950111966
0.25121258752219977
0.2639825594570645
0.26829017233496233
0.2666805427114677
0.25851269577447855
0.26966181757783925
0.2566043729720026
0.2701394259468797
0.2517308986198593
0.2703781958421003
0.27920812900219016
0.27153717013219264
0.22921969363985903
0.25899040336612383
0.2765791136877682
0.2795993460415348
0.25189006519338675
0.2606889386183157
0.2589705312927508
0.25944317577527687
0.25871804742514937
0.2733212954437853
0.2647506718981815
0.26148766309308125
0.26305951017452134
0.27051669588885474
0.29211158497461254
0.26549998461956636
0.2614206003045335
0.28090115002976185
0.3002975539418275
0.2840250264433454
0.3127279260610485
0.3286734204368911
0.32437230656862553
0.31481436750587455
0.3136767339847095
0.3300979748715327
0.28976558299434785
0.3231850493381696
0.3162541216088001
0.31324084744743064
0.31633475601061656
0.3023108862790803
0.3184000157723892
0.303876438460656
0.3101991839425984
0.3110015390446854
0.3241214715886481
0.3147141625740955
0.3231850493381696
0.322146588177719
0.32993205520470337
0.3395495668869275
0.30742116004158127
0.3237547010478249
0.3279706694863431
0.334419813706597
0.31552216522426246
0.3243631490297616
0.3283448682799743
0.31195467784620173
0.33144352561576174
0.31119065863472595
0.31590939097242676
0.30572850666547907
0.3149095046084005
0.3313604490097832
0.3248384352992856
0.3143849929003936
0.31293464042299335
0.32575479830256
0.31806264096759823
0.3070610311737774
0.2986787182703353
0.32377127329492894
0.29765683089686557
0.28252186174888366
0.28035246018649623
0.27396523386413985
0.2765490679107761
0.257845868716714
0.26307472340304916
0.27400740097679277
0.26323227459483267
0.2694651430241113
0.2656613085448799
0.2615610962964955
0.1824449412512838
0.11689516737970732
0.12336755166803526
0.11504230871094193
0.14417126278292522
0.1939476530320927
0.22298089165204155
0.21648212392751393
0.21395872748279837
0.21124890604180957
0.22306661040409817
0.22597428904632727
0.23373021020575707
0.23393934129144847
0.2527477456337986
0.262968078132866
0.24506832539495557
0.2543127528669122
0.24212385370482412
0.25256457632642976
0.2731737073929332
0.26246966550199957
0.24158188128856556
0.24109987835439073
0.2449422149114572
0.2673287915374746
0.26913892222445535
0.2735284746329779
0.27019475814450333
0.25366651316144817
0.2569012721941361
0.2569012721941361
0.26130322612041224
0.26640397791550596
0.2670875045882828
0.2592682797892405
0.2676574813993381
0.25366651316144817
0.25475564447577537
0.26019942306937055
0.26304349242480957
0.2674090066241114
0.2704639596883087
0.2664599081393268
0.2674090066241114
0.2617806261956342
0.2746865584220622
0.2823074302367897
0.2646762064947279
0.25915559550595113
0.26865982012770595
0.27206745679978617
0.26691576415045015
0.27401438137450274
0.2653856666261593
0.24617776819772097
0.2500239374133435
0.2521211002561212
0.25370155697541763
0.2529852612066917
0.27166998300772327
0.2881622134590104
0.272699510206463
0.2742523721029442
0.2702175603429762
0.27180357690234636
0.26697207821503177
0.26683570041315496
0.27565175442559353
0.2842382805983985
0.2732668279186783
0.24781177098572904
0.2830527720296071
0.27398433308730086
0.2779179495298312
0.274127265751159
0.29271249683364403
0.277921251098261
0.29078277866659424
0.3071247925599807
0.31133384363543204
0.2935826643541578
0.28887457446379183
0.2989358851262961
0.30454098122880935
0.2744486103817344
0.25995475120107786
0.2623911390447316
0.2622680495512141
0.25403076744804176
0.2612421747015869
0.25663041457990243
0.24716842457207905
0.2720914812577695
0.26358252131563453
0.25685239145994804
0.26103691909654914
0.26748000530097016
0.23773055932386683
0.22742873215126086
0.2269308758183866
0.13679177335231948
0.11069941968749969
0.11852726289346373
0.10263390387157953
0.13132960817593142
0.189417715390419
0.24953982032285987
0.2787596216193007
0.28613321329487473
0.280334988928602
0.25954704307737486
0.2966980449125454
0.2946628747287222
0.2951899669231983
0.30525193288189323
0.3094735641065263
0.32477157587671357
0.2951843777324925
0.28604298320564664
0.30517236881018384
0.28290176662271505
0.28293719286574925
0.2894151016696731
0.3104238401491709
0.2926411948797777
0.3008094277105681
0.2841469183442205
0.31437380177243474
0.3109115743198789
0.3137408235506754
0.29597906632555787
0.32388689704893286
0.3194216539760254
0.3040525120740184
0.28998842282317205
0.29471572078572505
0.2983758663235544
0.28720484408012115
0.2862287244677888
0.2669412250775193
0.2628504672245304
0.2885269578722516
0.2861440530906625
0.29279485960394697
0.29800564955615577
0.30535750228004654
0.2937972290175014
0.28185632069941874
0.2704905280307743
0.2755122197504785
0.26957774287482494
0.27897631388094934
0.29113233927425797
0.28555278868242684
0.2853669267891972
0.30872692810488805
0.29708434671089584
0.27716506114935974
0.2917509577143367
0.2856454821438843
0.2785332776485141
0.2752070256064963
0.2562674756970207
0.25616149278817646
0.2557988571031164
0.24650767639090346
0.23828396634514537
0.21577998531118345
0.21404763518634629
0.2252206675049067
0.21174440695701446
0.12468181508629331
0.0879898251259289
0.10827080404246385
0.09942650460163756
0.09693909869858583
0.12928914379695935
0.14581508729752493
0.138091680580135
0.16447460744032755
0.16818151625443323
0.18101875563394743
0.20679470575951048
0.2014429254502051
0.20265765225136162
0.18869010858099333
0.18542281873244612
0.20921416590765665
0.2275349358360127
0.21553648743555867
0.2097776709227812
0.2067636527666219
0.1961446957926965
0.18988208029849796
0.1852290261757899
0.1879538692119668
0.20028279660517506
0.20096126620210136
0.1881718496606376
0.22360072852450774
0.19152310852146942
0.2143268159235089
0.19252413468586732
0.2106228625763582
0.20050390561773185
0.24066462992301582
0.23731823620533704
0.266189017974452
0.23414953481356987
0.2546331048977871
0.2572438023041016
0.2493948222684324
0.2516203726444877
0.26059461131342987
0.27241347699858487
0.28920943892467893
0.27826297060190497
0.2799232581476703
0.26002499746596897
0.27554558237159704
0.2854975406656316
0.2896266492103177
0.30411222226533874
0.26855867001098116
0.28602437905138434
0.27376623567220415
0.26024454595359403
0.24680464662018542
0.2637170881063994
0.2686346299052996
0.2803562760088969
0.26817989584995017
0.2759042308228281
0.2748907046949508
0.2675757478483624
0.29347888253474486
0.28148424263343846
0.26785005983400056
0.27517261164268325
0.2754949207085679
0.26643449572514355
0.2511518049508644
0.270632961746306
0.28069874898766667
0.2707857687206894
0.2874071377800918
0.2779254136597185
0.2487815867748882
0.27525326426276386
0.28429068105643984
0.2900508187023818
0.2878427429136253
0.2828832731183628
0.2880643504249793
0.31801772478612955
0.28468313076686724
0.2818895285082804
0.3035593208713657
0.2783315542103776
0.27161771098517573
0.2905479597719019
0.32413307363059496
0.2776549756853346
0.2877176207409459
0.29962170473299843
0.300079015935117
0.3077721679228627
0.2999123373274986
0.3153451198079711
0.3240348209899779
0.2943794311628919
0.2953156984565418
0.2947872178776374
0.3039103399494003
0.29656100012265757
0.289096074754475
0.29863699709237346
0.29212957769517056
0.2988906084530056
0.2997340771962543
0.29875355561492023
0.2954341830087256
0.3032416624031401
0.3219670432343111
0.30369020252105094
0.3109286842978116
0.3016535350037107
0.26850495123828133
0.31040402676783624
0.3027122929670437
0.2761927060341063
0.289012805404618
0.2905700736363198
0.27636057151001847
0.2859230862653932
0.29342735251383634
0.2977664338830807
0.28762466456268343
0.27619293039585485
0.29780077642327324
0.279434124822564
0.27566467675358536
0.2827149602527289
0.2797894909938398
0.2811129662464082
0.2898055645005822
0.28951324630091024
0.2830232366418227
0.29078414273134956
0.28028926585645386
0.2827975240586512
0.2850922625672666
0.2776175784454864
0.2873259752249405
0.2876650425206904
0.16864613761253533
0.16296006022581555
0.14667154019652834
0.1316393028969701
0.15477856681709573
0.20153997375149235
0.28351156218734874
0.2595994995836882
0.2947037956674531
0.2952721624437987
0.28961195407483914
0.2889180023869124
0.29450292688077034
0.2875228514343221
0.2928329469404236
0.2908997586754287
0.29585389388713607
0.298725157192371
0.3208864236813315
0.31061033381464653
0.3041477328836377
0.3195029626787852
0.30057814679803174
0.3207769717175337
0.29381925257736685
0.29791938448051547
0.30649083167232866
0.3089752830177569
0.2996352832650184
0.29292887778854004
0.2905009926178222
0.3264156967114472
0.29152063876710144
0.30687198570949975
0.30660028363612646
0.29312096108369834
0.29589025667741964
0.29373648519272894
0.28753414162301794
0.2888266438998937
0.29877488511918415
0.2915272124187448
0.30186253828359033
0.29585814307888847
0.2971676574371894
0.2900439798792053
0.27334043868030405
0.2941122471561163
0.26208679653130473
0.2708618436135552
0.2642320800818475
0.26675261077844054
0.26225766574788273
0.263854795828553
0.25409209451652603
0.24035671652202512
0.26427046949075117
0.2707036843421474
0.23341557791136475
0.24457205738782478
0.27120691145217113
0.2467651769475104
0.2486297431344519
0.24985711086174311
0.26146405548090124
0.25612765227667966
0.24421345367988345
0.2589749549223215
0.2743911288693447
0.26843002608160543
0.24557786583034086
0.2675600902463953
0.26199351922146863
0.25879561947473195
0.27159251904229653
0.25774878316817845
0.2663661800303604
0.25414162507812155
0.25849226022843397
0.26953889534044706
0.27374830762547464
0.2723600592719905
0.152671409760812
0.13402176186403705
0.1643385522730325
0.1785111328087495
0.2066166347619271
0.235872013549969
0.25554444434087764
0.26601146739582293
0.2627138914530671
0.27827846686974245
0.28224835501570317
0.2735961965076865
0.2725189056471392
0.2731296660187575
0.2835188552788843
0.2861400963190134
0.2960024944992693
0.2983155703775261
0.2905686726256942
0.2890742996878465
0.2926067714711448
0.2963158617782392
0.2932302317234134
0.2994147999951664
0.2908971785148328
0.2952317423951663
0.2915022656719354
0.2939168835130719
0.27509514441348143
0.26070401815566324
0.2712880520216293
0.25013045479403917
0.2749228079151042
0.24941656140372384
0.24611364897911397
0.25223323794176555
0.25693201963406787
0.24235290254140363
0.2421789122874593
0.24798040581782518
0.2641249658458369
0.26820294313060156
0.2650950010542137
0.26630264094168987
0.24459760232271957
0.2481120604412036
0.23710936256038836
0.23251553905220834
0.2524076274366218
0.24468448942194243
0.25790200160013144
0.2450787351174535
0.25666068965988975
0.25662211262319834
0.26706619258014563
0.25135116845820654
0.25156544053533925
0.2568373290742171
0.24567661095488236
0.25269277280432184
0.23967526802829653
0.24272973323661318
0.24005730960659866
0.237002844398282
0.23666125576702032
0.24727002595273406
0.2487045809890514
0.24226996020261043
0.25444170362583285
0.24295835515237602
0.2579832752517301
0.2587185842866171
0.24040163921342586
0.24777823982812897
0.24750294377783882
0.24471712678253454
0.2425763135740739
0.2497522871565146
0.2677672091868376
0.26805478847256264
0.26523670088064055
0.25064013573505917
0.2592276461502139
0.265886104680552
0.28019719496890677
0.28204791493872106
0.27818435743709663
0.2704855595052844
0.27006105309296835
0.26272136957129
0.2626593046747784
0.27435475167229584
0.27904776700744055
0.27826701677644566
0.27540932307931437
0.26249351713163394
0.28750819795074334
0.28904503235525547
0.29456231125774357
0.29529008683608005
0.29216120460074424
0.2759905693409933
0.2835353736133466
0.2821088633212862
0.29423852094689407
0.3017623444753841
0.3034980343502872
0.3127773586928466
0.28264732069424114
0.2897461860669139
0.27027413115265125
0.27854630854439455
0.26419692133956896
0.2867327712592299
0.29640202736277854
0.2938288594184175
0.2770853257107689
0.28981742030172286
0.2849568334168811
0.2814334709865355
0.28257951393469105
0.28849698421159087
0.2924297440176524
0.2842514760764284
0.28057301985810257
0.2748729397298002
0.28067765317748533
0.28067765317748533
0.2712583329434665
0.26958303468296596
0.2794805177712677
0.2887952046859038
0.27717705087836975
0.2713629662628493
0.26888927731181955
0.2718778146888001
0.11412293325164394
0.1331620398385046
0.14569987004574897
0.18768853870972657
0.17144681970148498
0.19189453853784044
0.23229848610704068
0.24800134806315888
0.2509512162913581
0.26230422315682866
0.2720403000862301
0.2986731207627236
0.29652827987588004
0.2987219321432285
0.2987219321432285
0.30082551406558955
0.31125055444114724
0.3118828378739721
0.3118828378739721
0.31335413636350823
0.320980944523094
0.3149380716238713
0.3010134599958504
0.2720178833492148
0.28355915126822095
0.28619249419652515
0.28094639501336055
0.2747688636484674
0.2784972064731171
0.2801814769050559
0.2707036843421474
0.2616108659325309
0.27027413115265125
0.2730679561570701
0.27635655360404066
0.2780208675942287
0.27792915023030873
0.2780208675942287
0.2702227133545999
0.2973103168740365
0.29491774243439917
0.2997585083267402
0.3036099940094204
0.30200084343003103
0.29877488511918415
0.289592784238183
0.3055445704301255
0.28747033807948474
0.2835353736133466
0.29072668204294916
0.31045471307271283
0.3013892886618226
0.3049169684466661
0.2971676574371894
0.3127151226862949
0.3072077025343213
0.29731339808717805
0.31194588712326654
0.3041477328836377
0.3049169684466661
0.3152129873785171
0.30692647672572504
0.30423944414247817
0.3034691711445625
0.3052871139886191
0.2887921056222441
0.30096924887435733
0.3112239486357412
0.30975938039059353
0.31306620416359976
0.30975938039059353
0.297789791699668
0.2971027317959827
0.28579147406063626
0.2778262837140879
0.2887921056222441
0.3083693641082708
0.31361440351930303
0.3027494667587541
0.3035114723348066
0.28396012396352865
0.2802080392867208
0.29423852094689407
0.29798963989975347
0.31125055444114724
0.2878116096462088
0.2856244379537168
0.30126626835676545
0.2972740778760258
0.30419696134664487
0.313414602298968
0.30214542576427267
0.313414602298968
0.31946501117060244
0.2966272136692006
0.30692647672572504
0.3203419308458807
0.2928811695547785
0.2914854319154559
0.29974042170513726
0.28709252359420867
0.3058763745242816
0.3120733559108165
0.32194666895560486
0.3079263695770576
0.31255500452226637
0.32035315876189524
0.22996592826564632
0.1411791232783721
0.1218134255675058
0.15917732397900528
0.1861571536606862
0.21737722080878552
0.2583626128131147
0.2679511003180689
0.28216366751733657
0.293633488927403
0.290088556590649
0.2765146203471154
0.28069815597232906
0.290088556590649
0.2932673285243571
0.29684147377618697
0.29777921220539794
0.28479137433017165
0.27681379815864937
0.2787230659481922
0.27850276412350317
0.26664704549375473
0.2628241101962481
0.2711372117297245
0.2913331563040181
0.28238459207791067
0.2716234590189424
0.28830497024219814
0.26074278327476086
0.28400059159098806
0.28779859780893097
0.283683566716132
0.2765321779225421
0.26769385268750046
0.27325498367702816
0.2630437396036545
0.26615067219774224
0.27394676243989213
0.2575823052409929
0.2600893932604575
0.2824872132704682
0.27243399614571917
0.2804396219547126
0.28207328697212763
0.2745020583107489
0.2671035656607352
0.27876747214664827
0.27340523877751244
0.27292344149204617
0.24862833321597771
0.264847755036316
0.25088018861632166
0.26183287176333764
0.2506027939409241
0.26657561497722654
0.2662491769636731
0.2647594614070998
0.28963917021184954
0.2724688192882141
0.2689965367498666
0.2571254320975844
0.2690605624392996
0.2576683271505925
0.27230031445091973
0.2703678623966541
0.26228382930605765
0.25574968258884656
0.2634010656136385
0.28017655290547366
0.28352663099499775
0.3018275351934086
0.29408977007374937
0.27229527558623723
0.2592132823315054
0.2654850495363392
0.2821143045111304
0.2810945301138509
0.2772453322161559
0.27674148063269516
0.27622702015368045
0.29291270752058707
0.2837020398494919
0.28854210505165245
0.28610558112266316
0.3213101545739462
0.2858856649238436
0.3060222206814902
0.31346991024845233
0.3028618512558929
0.31433747234898834
0.3058732135815311
0.30722665307828523
0.30801158608380996
0.30360553232574816
0.2993864087527914
0.30360553232574816
0.2956812433122973
0.3149884686917616
0.2992492911423598
0.2995576530531522
0.2992492911423598
0.3209652455493228
0.29234160857253344
0.30171100309589977
0.29907835109625247
0.3104104117507427
0.29424280212537035
0.3134159933458812
0.2996750439074679
0.29955745047977594
0.3130888884673682
0.3289286411551934
0.3389508594989632
0.32567907064703927
0.2956812433122973
0.31482219901706676
0.2959832544951393
0.3276632140586564
0.3038745287782377
0.31059093824760675
0.31289373180978075
0.29456221089147494
0.312703347593486
0.29169796213851895
0.3037503444635179
0.30090843859351724
0.2908971785148328
0.3099618960833208
0.29432907323344265
0.3091785030489843
0.2906197716778437
0.2858202098112166
0.3011989422440071
0.2878613952529632
0.2810945301138509
0.28822330882833946
0.16228214646867184
0.13941191379318973
0.17770543199161642
0.27084002164627863
0.27706197266824223
0.28491587333117296
0.28755272743938987
0.28763764690143
0.3095576920496885
0.2960284592504856
0.3039846700743577
0.3106232807994203
0.3364050924473696
0.320373619509969
0.3061444668421729
0.3158948055527216
0.31702559331805025
0.32153914097191655
0.2969393892326206
0.32582549605912425
0.31178880226136785
0.3027111620376182
0.3105342813381682
0.3106232807994203
0.2985544842630559
0.29243654846469136
0.318952380143831
0.29879590900932196
0.3083048229736046
0.31323996134477367
0.3091796718043327
0.3047381036261504
0.3123649117857362
0.3123649117857362
0.31326189596527243
0.3161065018511381
0.30715310867785905
0.32360168248034504
0.3123649117857362
0.3136761437891942
0.31010473668005833
0.32640498022124637
0.3389574297946679
0.32564293800556565
0.33962353516075083
0.3268042370050851
0.3628316792214502
0.34033555578275515
0.3551747382506343
0.3628437813176859
0.36513824890248303
0.33944828540955174
0.33297488440740053
0.32591960253134306
0.3374363145370748
0.3280139891654929
0.3150610507253234
0.3118657212002785
0.3162825815946584
0.3275573390902464
0.3192493002354896
0.33677901547304007
0.32984333502744845
0.33291569425013157
0.3347326966127703
0.31256705955091235
0.3213626249962692
0.3139825533571438
0.3144731531379936
0.30486730958240044
0.3106412897560129
0.3234101229359933
0.32348865941925364
0.3096996798789676
0.30814601335973646
0.31647114047271474
0.32661691810725635
0.3190792633887661
0.28959592490460473
0.3297832422266096
0.31084838305941537
0.30317308864904535
0.31315508314895063
0.3375140549317725
0.3305065341765766
0.3371175544870607
0.3232899328686032
0.3333438628056396
0.32874247574383214
0.348623081323345
0.3270905102374432
0.3408067836512416
0.34223652146046596
0.3629001801099896
0.3521104277341929
0.3355226284991422
0.33865484602014095
0.35182497052754735
0.318712803495555
0.3198804099075063
0.29679064983421344
0.28681908186184946
0.3209454869859836
0.3049203081554225
0.2994060856201993
0.3060493444966946
0.27014303464031003
0.1628402530191967
0.1467795198412952
0.1522022769801775
0.15997555385707835
0.2156907843526032
0.24524616002920974
0.244942518688528
0.28063463510066133
0.2682265267286383
0.28210736910199774
0.27504769565481507
0.2802324926026081
0.27712688467419333
0.27766927229481325
0.2347014280659916
0.26596415817358304
0.2685093774392068
0.24881501427635683
0.2512055480981201
0.26869978916218995
0.2732364092565935
0.27370918911623326
0.26961608364364165
0.26713045122906415
0.21259062229480663
0.23335759599707817
0.25314048097707076
0.23871011218658422
0.23815819470850758
0.2617641914953638
0.2632803723385491
0.23585611402185053
0.24616843721930137
0.269498218421194
0.24415365508946352
0.2704473088179963
0.2493402905082754
0.2522856826947522
0.3034138844889166
0.2873026403919252
0.29801651425749853
0.3317160917217854
0.3297328141046739
0.33398686261457344
0.31370220006303107
0.3134833367826896
0.3390856524660305
0.3232405947483995
0.350397995878178
0.33271810938653545
0.30307183440957824
0.30616743200087937
0.3128522399127974
0.3233111301349125
0.3125355307104045
0.2924420221281184
0.2895055445925965
0.2727906569067921
0.29656047214878234
0.28305462024125905
0.2991928194474171
0.2820904999578028
0.2775481993238005
0.2818044144947802
0.28170105501378373
0.24466569174842695
0.20899501025878942
0.1969087057357418
0.25029071693392524
0.24882771937938827
0.25340320238574093
0.2645131969291763
0.2643291265402123
0.268876515147776
0.2683943877881073
0.25191686390684137
0.25330081396748555
0.24493482802264932
0.2303105959721727
0.24078923595537943
0.2273724983727049
0.25671507398315285
0.251737544237962
0.22959624497100461
0.22835603018985995
0.20274609777565958
0.23596630629093102
0.22874842209099824
0.2381351874803805
0.2432453154989111
0.25115170151528443
0.21946650756962283
0.22669754939634923
0.24881501427635683
0.24902431086045304
0.24870146067037902
0.27344765810671834
0.293896358291107
0.2703526879745649
0.27109867955266664
0.26680641149346507
0.26295318526297073
0.28497638515993573
0.26512510963480185
0.26234179810241864
0.2655175275157158
0.26192366578584536
0.26456620423100347
0.29282768256560576
0.27317741662495365
0.2763286352070735
0.29655569211432187
0.300503562199144
0.2825032372298205
0.2824298811834076
0.27626537647102684
0.3012864388809123
0.3012864388809123
0.28632131169691066
0.27895382701255117
0.27176812536318656
0.27365112731332175
0.2986243416389469
0.29418610318665606
0.29890463239316645
0.29890463239316645
0.29481932618567197
0.2947905999485504
0.28684651819407603
0.2738538281457741
0.27125048072153723
0.2773900182139696
0.27478789959020206
0.2716467837487828
0.28911115794528497
0.295999429420179
0.2832183127208604
0.2841818238636885
0.2806283390407811
0.2748166781314271
0.2753484670421511
0.2771965855734366
0.2753484670421511
0.27213550798455743
0.28767152082529346
0.29305390697418693
0.29408857539199545
0.29439093510331416
0.28747017140062003
0.2819885241344965
0.26435665608624204
0.28276456644542314
0.2666560670454551
0.2876759248167845
0.2793595191070538
0.30016661801575806
0.2901510954771153
0.2812203816298123
0.27593002335408356
0.26421901307090667
0.2750728326446306
0.2853967964264482
0.2915789536544243
0.3032581184238574
0.29553103820037546
0.2793595191070538
0.2944510999987926
0.29488096343210785
0.28833673589820163
0.27830500242654055
0.25836784493057213
0.2720448277058802
0.28036755397410423
0.28659117223837616
0.2831776839444792
0.2835197901371763
0.27424207284884033
0.2688928172258642
0.26663909729648744
0.2612851156667538
0.27588123479066406
0.26899019819981096
0.2592628137441047
0.25153321765179043
0.27818435743709663
0.27397263347158995
0.26936388969791686
0.2596374321492234
0.28276456644542314
0.27130338457565195
0.2789562359113968
0.2891522269158574
0.2836245862536475
0.2814890679384714
0.2828963298849077
0.26574271977809183
0.2746781490971223
0.2746781490971223
0.26165144433772386
0.28563702773619404
0.2727639913636921
0.27465424797364557
0.2883214179379025
0.28300715853869707
0.28069080995247875
0.2645751173998001
0.2558419909471778
0.2808205382588514
0.28649537612460096
0.27174202882564535
0.27762805079733804
0.2886451552911833
0.298481306170818
0.27802163027778604
0.2630450347568221
0.265379959638222
0.3008234495277302
0.2498857844457838
0.26696509399961266
0.26790955217113177
0.27253909804462106
0.2750306138031393
0.29539593458624425
0.24810557048088838
0.1595421929206784
0.15052953298735638
0.15020555068359093
0.15827900571344702
0.20448597316550043
0.26872060949967597
0.2399315158413546
0.27464375331979685
0.2603203471678143
0.2342232941709408
0.267491187093257
0.26354987767053356
0.2557827221460902
0.2684727853646228
0.25812951381744703
0.2580376582400941
0.25743419806370227
0.2535874788372503
0.26087618561847453
0.25684246719871606
0.27397263347158995
0.25943272271802964
0.2427657184671012
0.25090926577409156
0.2652069037408038
0.25764925055624227
0.2710353462262295
0.27084742605527823
0.2670514161665346
0.2652541099456393
0.2707092499295971
0.25457085718092287
0.27074590262966686
0.264580263140585
0.27642934392481
0.28277688561931036
0.28073286317832746
0.27681913961379867
0.2680435895311388
0.28720475392231287
0.280287234971603
0.2802833162826364
0.26615839447518236
0.28065605183770925
0.28226155192193025
0.28407986363522564
0.2557913133293568
0.23924124759999815
0.26529291489002604
0.26075756699249747
0.2536027531070043
0.2717261263067634
0.2644074546075961
0.26071265901454577
0.2577374534180703
0.24645164591557472
0.25688949425263186
0.26549509484038253
0.2385724300118499
0.25359430904574987
0.23283280197882203
0.2712058837128328
0.2662674835687926
0.2686411697270236
0.2822224025591065
0.26206165022825445
0.28097616709523054
0.28108750036437735
0.2878845808030731
0.2804895059941396
0.2829944966013188
0.2900328378367016
0.3011453933516037
0.2720448277058802
0.27766385118981735
0.27324392483766147
0.280780990126998
0.2890323016266324
0.28159589992544853
0.2656167563144826
0.26698512873033303
0.29573993456587266
0.2745950246259653
0.2718088316300905
0.27775986693636784
0.2596374321492234
0.2627918082546288
0.25057222904123694
0.25336073527157854
0.2602330727244007
0.272216591191058
0.1949866627097881
0.15156933953556764
0.15917368983716157
0.17347053625634562
0.20507142440369408
0.20831949154009494
0.25327248316485196
0.2914065122611436
0.2892119341620145
0.268728496895266
0.2727894927432196
0.2837852599915694
0.290455599980719
0.2706241711825335
0.29068381024425205
0.3087525755422318
0.2950754126695442
0.28297124941956603
0.3053166205216917
0.31817363956009503
0.29515650239826663
0.3071271213348895
0.2858179214400748
0.2809103987192785
0.26264080596060096
0.287777457181514
0.2833433759965225
0.27296059158621133
0.28187672898077265
0.2871443777592361
0.28433492256891135
0.2788291995574728
0.3168894889072702
0.3100384618833011
0.296669987412702
0.3100744349993076
0.3128433171556534
0.29813559455365607
0.301399157975347
0.30436335561512523
0.30213145525557883
0.30408212497526843
0.321173566301584
0.2893511466185099
0.29548749081236675
0.3096811329695989
0.277606833534943
0.33228827503031866
0.3212353004266383
0.2752434089259449
0.27442652971256454
0.29649671758589846
0.2798547614762282
0.2923477400174197
0.292568022041079
0.28258739378684794
0.29058519988516635
0.27746718634403894
0.28812609192039684
0.26341705296682233
0.2889716297572406
0.2889716297572406
0.28041366625863984
0.2867686183335336
0.24061367226302469
0.13610569356766022
0.12616058386213252
0.134678822591721
0.15174418823749025
0.21680923735613794
0.22714407538941078
0.24177023822174593
0.247930333622911
0.22643638207966488
0.24176984528130263
0.2719481459784796
0.28316086134935325
0.2882886837343805
0.28125559051637705
0.2630074194281333
0.25914180348519933
0.25357003658809957
0.27043588288974596
0.2680036125841958
0.2666891592123896
0.27332985738036386
0.25157859444483377
0.2573050381393622
0.2765408715364084
0.2693480543542767
0.2856476875499677
0.2604887310683419
0.2576232768324688
0.2674936293660672
0.2533686518627401
0.2653824131909486
0.25810358111787374
0.2583273980347801
0.2650263012541989
0.2614177031060775
0.26481156236563597
0.27109965736447245
0.2876739418499626
0.26672969253476947
0.27138211533202844
0.27014241011454554
0.26147406905373505
0.2413905683266956
0.24882487580676266
0.23910642666236903
0.25580288755389485
0.2568663746605942
0.24532875421552203
0.24383241736884798
0.25537003781392015
0.24921725235145042
0.2543140973649325
0.2597483962268377
0.2413905683266956
0.26397568583203734
0.2771919952436218
0.28018936327817234
0.28015788948038345
0.2771868115203585
0.2679710878075727
0.25890949082823606
0.2515182643317097
0.2707185850453408
0.2665738055227676
0.24903600684963462
0.2517810325890314
0.2604311154027993
0.2638850879100194
0.28228134163133745
0.2656237836048436
0.28373801273704213
0.2728922228319657
0.26921027412210896
0.27851625833778304
0.2508656876118673
0.2531849281502381
0.2508656876118673
0.2616257276859076
0.2753636500556086
0.27331350962620415
0.26541313279523937
0.27331350962620415
0.2828753230511515
0.27039974264894007
0.2805650003799652
0.27077765334411535
0.26718588597435655
0.2752495456683358
0.27627883021993616
0.27405921602007943
0.27577157723712065
0.26447277906097405
0.25951045170556286
0.26546445888320414
0.28018345883387363
0.26222596153805044
0.2658199302330396
0.2624001055773397
0.25572992968488284
0.2643812626727362
0.2671655313692584
0.25950653028741877
0.257901262187906
0.24921335634531971
0.26237963329335495
0.25388354676041125
0.2548514291274371
0.24026130330893952
0.2363906449270417
0.2625874538742202
0.24881434102410455
0.2385469769278619
0.251253114651111
0.25666737613794377
0.2608746890032365
0.2813046398647177
0.2522976563005204
0.25640402037849724
0.2522976563005204
0.2592554120613033
0.25401820577038325
0.25304238297906206
0.28206004021998743
0.261977204234581
0.2131641967196451
0.13692944989621203
0.15699821749946236
0.16188437876255007
0.17715647382230568
0.21183395572942634
0.2180795455697335
0.2395800165247664
0.22700295187935826
0.2317922647376414
0.21527746555437788
0.22509144548700108
0.2223783893104821
0.24110286487972682
0.24110286487972682
0.24184631276287769
0.24772930863559556
0.24521706803084828
0.25531787386502836
0.2374612590841106
0.21955551278491714
0.2349073343460989
0.22423186508452514
0.23889318849374563
0.2527791044275304
0.24597759726504423
0.24597759726504423
0.2637820596867278
0.2618141937807232
0.21417569348861001
0.26887214264184517
0.2371189348200319
0.22742307486691926
0.28485677939166487
0.30018668911374957
0.2975269315613246
0.3134378449194031
0.30843070678459883
0.3267395752777661
0.2983647777565823
0.3059702668170961
0.3223106310730361
0.32052481239942754
0.3243280891522714
0.3188673566911304
0.3295160154719295
0.3038522492598392
0.3302857673560866
0.29665147420027915
0.3090641693071562
0.31908064718572604
0.3251335569659611
0.2953891853277001
0.30559056418890485
0.3108723072692221
0.31379402733674155
0.3011053325759239
0.29524123064743835
0.2946937185670117
0.30159845140928093
0.2941818606668879
0.2941818606668879
0.30513307007053003
0.26928850959678396
0.274706306553295
0.26844571809494766
0.25341757215213556
0.2995413250248119
0.25915533132818735
0.26492324601584244
0.2752433062302376
0.2774919727446207
0.26174603216898734
0.2576598482316983
0.26431320884210985
0.2624618552924448
0.24749096606687254
0.2544228082852058
0.26305468123102543
0.2667629674589216
0.27898282863104795
0.266857174250763
0.278862613507595
0.26071541981823027
0.2705690015966939
0.2605389872902949
0.29694092833608426
0.3001369640620345
0.29933455506441775
0.3219172341211346
0.3146620942340608
0.30628094193478805
0.3130124890917783
0.30244543715610517
0.3127051657516126
0.3127051657516126
0.30850444583619707
0.28264772233161145
0.3096482189625174
0.3108619564763735
0.30390482251921824
0.29321127591832585
0.2962190567061075
0.279292152745715
0.28148350825452084
0.28315275774322324
0.28242178978776344
0.29074626451495783
0.28256929053245655
0.2744782690745985
0.2633761206647003
0.26976890308487045
0.2726559576512752
0.2592423379380422
0.2570519280878308
0.23902011031360182
0.2688970394549565
0.2502736622810452
0.251847670285856
0.26260468596367315
0.24510030814193073
0.2465442459140311
0.23893608410427497
0.2669951786977508
0.25032195904096066
0.12829747288068363
0.12707845473524457
0.13643061260878564
0.16136868363554382
0.19890082270492193
0.2432943480009897
0.24300830232749343
0.24617182088434303
0.25862075590397826
0.23209046514386283
0.24520021956857144
0.26334426158729857
0.2548607935796637
0.2554111920554642
0.25912622952425435
0.2719460932943887
0.2822966383101574
0.2911349472075039
0.2926983800067512
0.27780521951076714
0.2973907289414496
0.31156618370098055
0.2967219171066028
0.3048993325947151
0.3095895062368151
0.31293929118225794
0.3095895062368151
0.31445878988675147
0.30249912184770944
0.31652350625010695
0.3101670075225381
0.3001606737223632
0.3074325541458808
0.2880319708804746
0.29458960402388734
0.29334102100832055
0.30264088909084963
0.30872220604236544
0.3173107595312047
0.31649659357335586
0.30244543715610517
0.30697368243473655
0.3084089215294008
0.30267494761096225
0.29868590886818636
0.29814670233233087
0.30244543715610517
0.30686904911535384
0.281092826905186
0.27223650049503956
0.26915758183508576
0.26395462238212963
0.27155245637312436
0.2470382298170317
0.2588533881125089
0.2530049799462526
0.2606366502297979
0.2549985329481121
0.2606366502297979
0.2623836150661116
0.2522418172631501
0.2554938212089114
0.2609095037564207
0.27180306467669124
0.3000337459175405
0.3072049585980332
0.31539180060605454
0.31539180060605454
0.3118634322049517
0.3112565181833066
0.3083885478198474
0.30317308864904535
0.3076849723300861
0.30317308864904535
0.2954237776395687
0.3021813942222222
0.2960271803050665
0.302032594580113
0.3100882990396008
0.2955054625258835
0.29820181196971407
0.28773204383877615
0.2954813548482528
0.2941743804110071
0.2975826460895161
0.283598496603209
0.2516823507404031
0.28108076902805434
0.27197085624014883
0.261836454820742
0.261836454820742
0.2566621951127907
0.26822023989766036
0.25880511574081566
0.2586018609004077
0.25645635404178213
0.25354390416791106
0.2405604694150374
0.24985467003049477
0.2548459552103498
0.2526782650530958
0.256358643432167
0.26009205439351446
0.25215779105382324
0.26822023989766036
0.24825351490801717
0.24872257324631913
0.2517691421527985
0.25654179804536137
0.25958836695184073
0.2528483019306118
0.2602559242646396
0.24230909049924076
0.24703421731509134
0.2564332596803106
0.24886437187091692
0.2519939211826981
0.2608525836277104
0.25672129912554387
0.24817386099412836
0.25597785124239303
0.24727052680156975
0.24402812053707387
0.2372607858437744
0.25597785124239303
0.2502204385356669
0.2553265186435572
0.2368370028398705
0.2638479600835723
0.25132979993664883
0.2463279383054408
0.25215779105382324
0.2413964619913307
0.25565011016229816
0.2513714774589714
0.2500389660085343
0.24377190706785223
0.24710118217108684
0.24856406190197433
0.2435522526599292
0.2566621951127907
0.25618955063026466
0.2597384801414223
0.2583185717464832
0.2602559242646396
0.2602559242646396
0.2566621951127907
0.24325446294463493
0.24325446294463493
0.24325446294463493
0.24377190706785223
0.25817690458956744
0.25131735243536557
0.24377190706785223
0.2586078365136485
0.24402489714245523
0.25785853132520337
0.24856406190197433
0.24326087080205935
0.23330531377730102
0.2530153217289365
0.23595268226881003
0.2359401022106627
0.23212108492484984
0.23212108492484984
0.2356661128776218
0.23897826851911907
0.23849896476509752
0.24446774112205216
0.23305626172348043
0.23212108492484984
0.23653145849935064
0.2455438774236772
0.2359401022106627
0.22839465684314936
0.23470151143880497
0.23979355618357379
0.2521876626541405
0.2558842191355237
0.2558842191355237
0.2480566021682722
0.2604188445978808
0.2653895988915297
0.2639823523463401
0.2604188445978808
0.2647174075858397
0.26264957981544484
0.2659096343682622
0.25809207252133365
0.2697741474770077
0.2650999625385293
0.2703408409067426
0.2604466843044875
0.26512086924296585
0.25764858082420466
0.25262756083088445
0.25425797517947646
0.27627729483809327
0.26705038391651387
0.26705038391651387
0.2859818240519033
0.27042293998560113
0.283742212923786
0.2725516143010764
0.28205595517409804
0.28043268094339646
0.27783056231962894
0.2741243756096139
0.27736438850720047
0.2690440243515402
0.2614046251361263
0.2690440243515402
0.2716349563614776
0.2716349563614776
0.2690440243515402
0.2690440243515402
0.2607814553472071
0.2510547596168945
0.2510547596168945
0.24719081248692454
0.23809510692500202
0.26094628938320064
0.2601169437069055
0.26822023989766036
0.2839973963402316
0.26770279577444306
0.28032807365278034
0.28032807365278034
0.26081261756363255
0.2452199384968567
0.2527093213728777
0.2510630720862512
0.26780136963215295
0.24541185606095306
0.25290123893697414
0.25550335756074166
0.2420417411572365
0.25781189587112574
0.257554517171016
0.16376664281023715
0.15802005436208638
0.1412030507682694
0.1507216157981092
0.18098647435453213
0.26925215374513234
0.27965473003345953
0.29754450052520476
0.3014043029877089
0.2971070687979995
0.2948143996995375
0.27976738030971204
0.28247508374061514
0.2925889753685501
0.28247508374061514
0.2798252221074222
0.29296586944886915
0.30642438489706847
0.28266572840683446
0.2796731735178706
0.2863395773580415
0.28024248802153917
0.26081045761153876
0.27278099759843555
0.2865585102067144
0.2750974121763968
0.2803541672492817
0.26923621237984513
0.27541717380241715
0.2723933699093953
0.2727158284869468
0.2650257309994514
0.2809983215346006
0.2727158284869468
0.27322334572715223
0.2555684295493272
0.2632585270368225
0.261670408185988
0.2794206266427171
0.2756735899693657
0.29002641780261484
0.29002641780261484
0.29002641780261484
0.29002641780261484
0.28271878309731896
0.28022858634204245
0.2883001000815846
0.28600028566618474
0.2911349472075039
0.29807398950451597
0.29249123657931164
0.2845858277021606
0.28263213136661874
0.27593002335408356
0.2801169598344171
0.2704747948048524
0.2719460932943887
0.26407598445320934
0.2719460932943887
0.2563489042297274
0.273366910377815
0.2739235422847167
0.2657567444911926
0.27540385667444656
0.2754680202052185
0.2723933699093953
0.280139100630013
0.27369644526004894
0.25390614753092366
0.25922228107351575
0.26182439969728327
0.26182439969728327
0.27198687026117424
0.28207837176096284
0.2685227719505491
0.2794504245141566
0.2756303643255868
0.28450455412292674
0.286074369569144
0.2815373989620855
0.2872499745725967
0.276454260292093
0.28341395737734487
0.27577123260444614
0.2646384585890928
0.2583379939881951
0.2674271601348565
0.2721492652316281
0.27060193573011604
0.2696843661171211
0.27741144634060305
0.2680341386974905
0.28229117340313803
0.2749009154841855
0.2629647032695036
0.2595588319342542
0.25999298288857015
0.27045496979844696
0.13190231325401597
0.1339339781315131
0.13498538703804347
0.14768383056743822
0.2700722765706576
0.29123249743764645
0.30151870676399883
0.304741443622528
0.26224438907205155
0.28232560469670526
0.29736136419161346
0.33633566023190375
0.32905584395880816
0.3054859440773426
0.31967190663455386
0.314647587488885
0.3166561717771115
0.30297973400222067
0.28456617420633956
0.3009538856205657
0.29175293205357716
0.300293123455732
0.2875652561339301
0.28927746515206687
0.27833129544451607
0.2647835929251682
0.26874561141944425
0.26441867065029484
0.28173564520826183
0.2725016845188479
0.2725016845188479
0.2887025795516666
0.24597015332800684
0.23674501070014684
0.23624669381584978
0.24186404199076766
0.26461600211218184
0.27281760625251594
0.24608188957574087
0.24608188957574087
0.25293305040462516
0.242995027991352
0.257235478041591
0.26255788634230226
0.24773437540396998
0.25623755262829995
0.2716838584614345
0.25997136263596987
0.25192205132361706
0.24312032184872487
0.24454583889156173
0.24623607712208045
0.24623607712208045
0.24667863506393878
0.25582333995431106
0.2612847544071325
0.24304075784328988
0.2521400495167602
0.10608618248441333
0.03566456314806188
0.046047475077988106
0.030040441577470003
0.03746786702289635
0.02601100286299702
0.04080829897751809
0.008064516129032258
0.04677036232262525
0.06461032394679975
0.10532306142891087
0.16634792180341867
0.19437964447680667
0.1809929018219505
0.2115950958474433
0.20927701329100223
0.21733951748416921
0.2208136454168796
0.2058604736863156
0.20298801199695232
0.2102998845855394
0.19766752138365035
0.2102998845855394
0.21014108734595832
0.1042435851983233
0.04144958228741674
0.03759527762019927
0.03847661224442889
0.05137964358224095
0.09250771369513608
0.11906370508680936
0.17316366504149105
0.1988274594100075
0.21414433980986125
0.23856049527017426
0.2298221214897292
0.2241558553754432
0.23340877050291325
0.2422880205583997
0.22740701014041456
0.24152308860169786
0.26039667752943
0.28089484358023764
0.2718637910306644
0.2759723089888243
0.25474975150962775
0.08356442543654134
0.05915869017369711
0.046998612881632644
0.07799885426691848
0.07971707439420399
0.21022789582296744
0.2422863709607957
0.24140139996859702
0.26652290357360975
0.24710971324726677
0.2634048199914355
0.25530421162277295
0.24672713719654832
0.23329413500555551
0.2401281008600784
0.2454612942104206
0.24609421570348444
0.25716243552371626
0.2533523133547908
0.20796443501870746
0.16915229713420532
0.18218455816216528
0.15124940215055355
0.20009615191213137
0.1935667636237855
0.18481389479182653
0.18163515846428116
0.1594148422057206
0.19210711167614952
0.18204807177840093
0.15309644227725017
0.18279649097917522
0.17879408812028502
0.1799458757234411
0.17879408812028502
0.1734325028184562
0.1294920616630069
0.11475784782044332
0.048046712347197214
0.08607330076505973
0.050668887016730176
0.05655935037757931
0.032729517357642984
0.06875731045570616
0.05065309363239559
0.04619150690781875
0.04866724041916855
0.03739747261209238
0.05252477090203864
0.05670943612416732
0.05498596846998563
0.1066470853876364
0.10058777310090038
0.14095940985734595
0.19115828228757975
0.18738438385860112
0.2082862205324525
0.2169005987308687
0.21473607738684947
0.23800305168826064
0.22893573675842815
0.2295890476358695
0.23204370391887946
0.2171438130037786
0.21490342475093258
0.20944117161804915
0.20926094769511094
0.22981099880067984
0.20354474751360072
0.21267071963273296
0.2124838800360368
0.21267071963273296
0.21137145794333306
0.20354474751360072
0.21731535910894492
0.22459779726277584
0.22116407602737237
0.20850458061838628
0.2027049361010757
0.21497049166311852
0.2065079574870137
0.20358849860808548
0.20354474751360072
0.20673648411473916
0.1878325197391636
0.22091561737272852
0.22046307551673724
0.22983837109829042
0.2129200430951539
0.20704769112047663
0.22116407602737237
0.21282008192306914
0.22471777395088943
0.21608444767547558
0.20262330074179283
0.20933244079080549
0.20160299569605994
0.20338909541037692
0.20256176959415137
0.19763237171213327
0.20914652605379416
0.2155918018317572
0.19922270261764627
0.19448600796726873
0.18557035692314813
0.18196728688649172
0.18867084859983285
0.18888000243098962
0.17931376659172282
0.1902582466896198
0.16740739562914042
0.18758095043521658
0.18758095043521658
0.18743978268066408
0.16931363245208364
0.19866284138362772
0.1902582466896198
0.19336666935521607
0.17289257842364442
0.17417539440453597
0.1533692648803257
0.16445942023000426
0.17917289703439915
0.14219182472239278
0.05652548005510557
0.07462716223751166
0.061709335242969496
0.028928429700039525
0.10989610972510308
0.13376866034728488
0.1406023217379317
0.14524725624758633
0.17107195167987224
0.1700257511846561
0.1561591467625137
0.16740161226406455
0.15335660141408908
0.16962267338764508
0.16770275763961395
0.16206772943456646
0.17333636716816642
0.1607490338326687
0.15837852938705613
0.17554944631073877
0.1666705059721394
0.17216705512313546
0.16188066949889104
0.15970220971562105
0.14673416007251258
0.16768964053080015
0.17180547400828816
0.1431195449806214
0.15712819184330484
0.16846150152122696
0.158747687684636
0.15103722465016892
0.14695157264802977
0.1368859649015349
0.15159197145954328
0.13684198789267266
0.15199379967240562
0.14630550135405476
0.14352846145859977
0.14660941962147608
0.14877914865263925
0.14582795650137848
0.15575418430721982
0.1522875546088328
0.1537094009041652
0.16106695818294622
0.15027505739866742
0.15596335571701825
0.13836937080398476
0.127357574310273
0.12889231465792966
0.12065850472876799
0.14342205574423578
0.15944665448664197
0.15944269466735822
0.14968276567715766
0.14695157264802977
0.14444365718665614
0.1483036498896464
0.14240699548018848
0.14894792208493046
0.16620811271846248
0.15809350944539818
0.1593940749479727
0.1672463617894815
0.1541428517530818
0.1570449957722408
0.1537094009041652
0.143544625708386
0.15598712800832892
0.16116450991505737
0.14400574940896682
0.17141544105443174
0.1818804062365587
0.1714895194616753
0.17814563872014869
0.16817329827697952
0.17866716427409757
0.17883967290522357
0.17883967290522357
0.17596300870516215
0.1602295800789652
0.15592229396918722
0.16205397194239224
0.1723420273774382
0.176034362379706
0.1597231657493115
0.19629866949395414
0.2087428195279904
0.18756356456277984
0.17221176629495827
0.16523908102022178
0.17646511163463197
0.1673428338899396
0.16288786566421581
0.1571399404803628
0.14968854779993507
0.1629361367368713
0.15597835518186193
0.1592907407272124
0.18262565471397113
0.17670830509054847
0.16510434374911281
0.13479755873173735
0.13479755873173735
0.1382264414464874
0.13377113093695003
0.11524078811009764
0.11250038131669557
0.11969492655956845
0.1338190772505053
0.1414941119103309
0.17466018483697934
0.1785667560650896
0.1832798278954505
0.21567710709982665
0.16872836630971208
0.16793475768747063
0.18326417923299582
0.1974981088406474
0.1905909121271092
0.21306214913528948
0.20180843566332113
0.2066456316484093
0.21256322050962756
0.19698285805636906
0.2015281536704166
0.1942807052286742
0.1958077228725295
0.18565610376354794
0.18232614500662325
0.18585793678603732
0.18866627807214018
0.1720775361830743
0.1866505888344278
0.19314095940251855
0.17988845211227855
0.19314095940251855
0.1796203026784347
0.18274892844871748
0.16364917344808166
0.17322330940544134
0.18981262081687963
0.18294488091092914
0.18678510736836268
0.17787797496913527
0.16914829244434362
0.1860863776209306
0.19080143539882824
0.1912861832055932
0.18632726312202574
0.1912861832055932
0.20221381366952657
0.19941201560668403
0.19586475353595267
0.19586475353595267
0.1948024489761629
0.19941201560668403
0.1642905463934637
0.18810347881244127
0.2061227227685445
0.197320555124079
0.16956494655347965
0.2000491529425918
0.20448511912581124
0.20711737128948815
0.1824804083241584
0.210937827823795
0.19934068285114126
0.17734961278862385
0.19634405728997423
0.19949771555518664
0.18393832353330403
0.17995808167874333
0.18810347881244127
0.16861514903287295
0.17961602636609664
0.16682109736933304
0.17941130490288015
0.17373152665012948
0.176034362379706
0.20309433206309147
0.20767675516252537
0.2028761343541336
0.21499707045244232
0.20322843217062134
0.21110338829804431
0.19963851485455844
0.213737595597679
0.2004718960960462
0.20340053245724843
0.2061923448319002
0.22391424192004772
0.2222693390441935
0.20421321407399273
0.22565178324930651
0.22919310794641928
0.22252637713077122
0.22675648531095075
0.21919249920422018
0.2006814566554368
0.21749911758844226
0.19811825458911658
0.19509467359399485
0.19509467359399485
0.18033534566626452
0.17647218309326806
0.16635523137737274
0.1885676880958435
0.17984840607944108
0.18260575151871716
0.16614590524297418
0.16614590524297418
0.1652485386055783
0.15902675836717312
0.16997884471181451
0.16449289412803977
0.17236768548137937
0.17761941027185402
0.15653812791518473
0.17365093322433206
0.172254852005703
0.17013659086445163
0.17284553094879743
0.1736109567476967
0.18648807873736745
0.18498008956973105
0.18228369641528758
0.17236924891332286
0.18496801133785104
0.19049816357933808
0.19340404969864106
0.18592225898248144
0.17947114558961313
0.19365249565859544
0.18612363426519682
0.1726997097027216
0.16909664359057436
0.20410431423066266
0.18278898158821244
0.17108108210021578
0.19254010221593587
0.19940500041666862
0.1998374116636451
0.19209805239651578
0.1920399493957216
0.15507325973769723
0.1329783476150478
0.10325764743692317
0.158770186933742
0.2060494803777605
0.2094914151272972
0.2286583385468944
0.2521262613892856
0.2356575353339089
0.2322789262271235
0.23663424570144898
0.21755303025730136
0.2216212975342123
0.24841459201733485
0.24552380377581853
0.24124818539041892
0.23225214629847746
0.2286147631577677
0.21153117965569257
0.24048442324240568
0.2418579022482873
0.23888900587264228
0.23510669026380268
0.24973737659412326
0.23742767839775092
0.2395529775358343
0.2216212975342123
0.2487061649521481
0.22248479598276374
0.24328535769490944
0.25358967435243024
0.22471640866114015
0.2203253322903012
0.20856741140209667
0.1897789301354536
0.15984331341741187
0.16275642831832712
0.17217948424556023
0.17307804431747384
0.1806475700960079
0.16701259246683414
0.1704935325414056
0.17682150761942234
0.17289953310682643
0.16313843887769328
0.170251424971247
0.1729268316666849
0.1710725863108669
0.18374321060975643
0.18696579766266347
0.19054153105793697
0.21507190087928665
0.22216352371981785
0.23386596295528983
0.22581608801114653
0.22387775002946225
0.21862385976073376
0.2226436882409702
0.23272656667941466
0.23428995786546455
0.23041866404841854
0.21366470750775202
0.220600507310387
0.20952322889321828
0.18961198618851616
0.20209527965175736
0.2108369284684692
0.1983685421591866
0.1954117651066264
0.19385403755143826
0.22079482593353622
0.2135008036973359
0.22124374582336703
0.2306830162598232
0.23414928447959713
0.20907760316574042
0.2334548389696839
0.23755531017935766
0.2506876873645305
0.2399001428912605
0.25689543363153117
0.25705398019574965
0.24509535159208606
0.24867021653709714
0.24835845806079904
0.2861849671568787
0.2726076983635541
0.2848892097006822
0.2703760626000512
0.2720403000862301
0.2877446872574127
0.2807469178794084
0.27875001479093353
0.2719460932943887
0.27036833794449266
0.27637729996909016
0.26042443316057234
0.28001760703393075
0.28446744115324896
0.2680368982315493
0.2751819507913681
0.28253866641535413
0.15887687200267114
0.10353350205482101
0.09886549177320986
0.09719235934647139
0.16928129166314354
0.1792172432275742
0.18883547676676926
0.1869512858181433
0.20214140137186806
0.2305008130003544
0.2145171021030257
0.2041075308197855
0.22424117065298618
0.2248366949458997
0.2316885985825224
0.2430114764838885
0.22996463194169184
0.22565178324930651
0.22324428286125625
0.2315262431450085
0.22443218168213036
0.22674046139495363
0.2110184778176955
0.21794484486862867
0.20750766370518542
0.21345314915636104
0.20565469715011458
0.20612395540501552
0.20860417027758096
0.20526951760059658
0.2334282470655741
0.20711574545564096
0.2242184098763864
0.23463134716071987
0.2179761756969535
0.23845140734928963
0.22924603328611307
0.21783040936003312
0.21349765163310053
0.22069836600824955
0.22183841095208529
0.2293277938281063
0.23029109801027875
0.2380181782337607
0.22617697434295114
0.23209073046363507
0.22124445414823088
0.2336498840981911
0.22076969876379232
0.2226914227786435
0.22161052040311807
0.23819159901053394
0.22351370921258584
0.23029109801027875
0.22217630437596197
0.21288655533022388
0.20617984032160602
0.21684491203533848
0.21330591553323003
0.208239578359301
0.23927338755029848
0.21371872761484748
0.22523975744641017
0.21743640774179895
0.22550874140893523
0.21330591553323003
0.24631733122623595
0.23383434026028915
0.2324446637375273
0.21743640774179895
0.23330531377730102
0.216347162765972
0.2026393574666691
0.22376298375969633
0.22131134153746485
0.2359794185158433
0.20364452183705686
0.22424503414885283
0.22185910228534977
0.20399377889700906
0.224662818431486
0.21236331251387708
0.23547693940549697
0.21640655282488036
0.2430058948757477
0.2128620958549009
0.20514447210635894
0.21012585516167864
0.19419043760863525
0.19974544719995846
0.20544378727171772
0.21711715182315694
0.2074427613486549
0.20253158519928352
0.2310251896126723
0.208121924689983
0.21311954413392753
0.22830922244484775
0.22110493110579135
0.24631048411935585
0.2608955225749352
0.24255969925772627
0.22795333521287447
0.24699174926183293
0.2428374974962237
0.22802487602290322
0.22618786250722067
0.24874551491975316
0.2524555924337516
0.261504153218175
0.2573928873074995
0.23879574943366846
0.29860597315103565
0.29904335762936907
0.3047750485151145
0.28042186573568606
0.2767335970405991
0.29947599825060955
0.3019827746597639
0.321285628189535
0.31410077429130867
0.3145882881636867
0.3145199845348382
0.32873987958474715
0.32416315162863163
0.3062660276626157
0.32735591891830684
0.315503151837769
0.30746286838388515
0.3113011998347307
0.3066802797805239
0.2945524398162919
0.30251557130622564
0.3107890135813413
0.3059276816549672
0.30494013403587794
0.29902744916158097
0.30771416821830483
0.30432754066245304
0.29877407104092507
0.2971140542103695
0.29361235662485036
0.2944240586991578
0.29598930275227786
0.3059276816549672
0.31312539434815323
0.2590335395485321
0.11922983686475
0.11723021858607666
0.14766253022524112
0.20854047328650482
0.23080319822838735
0.2566385069123911
0.26693283948304947
0.26730731583080813
0.26899542513418173
0.27197825783530144
0.28413910107429613
0.2879538767199177
0.26730731583080813
0.26730731583080813
0.2802797329683152
0.2712232173176014
0.27206594945605617
0.27206594945605617
0.28141607457993556
0.2718491155851967
0.26760353952913707
0.27787729036400266
0.2628068339647346
0.26229038069710686
0.29295225256886565
0.2818366803476378
0.2857769664977903
0.2878480333079747
0.2909483134156204
0.2676538480337227
0.27844069904485363
0.23073029163729417
0.23744291007668844
0.211362155909895
0.2203845127547693
0.24370878130445672
0.21432509106232076
0.21621999029729472
0.2669599776287604
0.23707838769666334
0.25626021926483267
0.2608546531318594
0.26530446713009914
0.2605427487522823
0.2628082998766422
0.24431791471523617
0.250473793115005
0.2379599754442378
0.2537999104406097
0.2464806322488644
0.23861182307289985
0.2450787351174535
0.22779989796296013
0.2549571398177034
0.2442501327884839
0.25775681585869237
0.2554097949995846
0.27010800108566546
0.24591663392178764
0.24965540556675322
0.2498915108107358
0.22502299493869993
0.25489537646027793
0.2430201754317543
0.264240705334573
0.2673048049275333
0.2631417048720509
0.25877013745688227
0.27632169189609834
0.2737857811530428
0.2691147441991479
0.2715944619664023
0.26062057893430723
0.2560740739841819
0.2585830831139331
0.2567676555975551
0.25432403185074126
0.257218747897376
0.26663001754011006
0.2730600833996319
0.252512565885656
0.24830578362235078
0.23557113221712675
0.24623897312307355
0.23552255239865436
0.23257070364549787
0.24275942663954014
0.24422114550309648
0.2428667468159872
0.25481000319475855
0.23923814008159028
0.25488150478506366
0.24227997936133158
0.2361590134808198
0.23495679639422862
0.23272619468961078
0.23542583259998495
0.23605699037590883
0.23529560050169046
0.2295400404189465
0.22811784078076608
0.2430201754317543
0.22811784078076608
0.23812980538089343
0.24567957320453038
0.23607569201143197
0.23812980538089343
0.2378515767511291
0.2347097874559187
0.2420473322608374
0.24578365573660432
0.27887899940095057
0.2591572738386903
0.2568533541460135
0.2492497837865255
0.2567807699051014
0.2639948619898793
0.2644713788845904
0.2626861935502085
0.25778638046234753
0.2591572738386903
0.25344505133799944
0.2679228436774648
0.25523843840047183
0.24981265411460973
0.11162222669081384
0.1082224742990148
0.12526297826477487
0.1379033236909863
0.1369925411694475
0.16621214426041897
0.20815624261884147
0.23258942254126494
0.2306018980502613
0.23194905684321154
0.25515614680489496
0.22957448929542046
0.2369207981603269
0.2576484618943709
0.246009109770422
0.23985585796770456
0.23985585796770456
0.2419670778438005
0.19870520526124158
0.20438921559764606
0.2117936665144136
0.2068162714954606
0.25929382398344325
0.26978441752353194
0.25778638046234753
0.2639079748906565
0.25444984078199934
0.2333078068593963
0.24116241703186436
0.2524088605833271
0.25121270423064584
0.24370878130445672
0.26017023770888964
0.27226297285040846
0.27850276412350317
0.2754467497002214
0.2709348660191806
0.27089919376401517
0.25135116845820654
0.23916122536825052
0.24701583554071854
0.26663001754011006
0.26106269671031834
0.2695674567204797
0.25350233307158526
0.27971938800882057
0.2545949016746568
0.2715944619664023
0.26227654669831724
0.25988448603089714
0.2602327014352478
0.2575741574436293
0.25642386016596863
0.24248146002049165
0.2567676555975551
0.24240060297231722
0.26602068379564986
0.26968609419193645
0.2617447899149517
0.2516037304498502
0.26067115589405454
0.24090900879037946
0.24948169702755746
0.24739462225172001
0.24794405338527448
0.2609926369357005
0.2688168934072372
0.2604131105409918
0.2545306978301738
0.24950652083930028
0.24977497018481698
0.23627352020904066
0.2514327552928062
0.24481256399100565
0.24804436398632454
0.24794695639229714
0.25846968407384496
0.26820697389261405
0.2510174018963229
0.2508706302400655
0.2671895632163255
0.2547594253071211
0.26805991451290423
0.1793861767543392
0.11760120543442734
0.10681142927103221
0.1369282744902226
0.19563133520744092
0.23077105708471102
0.23195281783616709
0.2368378149613178
0.23926275349396575
0.23490597620308123
0.23531221983002082
0.22738426093669084
0.22396907039086372
0.23438455232917468
0.21307215627075843
0.22403066158431376
0.24339035701616898
0.228383803090502
0.25568450197745235
0.2175577190188942
0.2560841839836974
0.25471510159537303
0.2509894108499484
0.25855768216104785
0.24346644557128536
0.23542880115342496
0.24202248974379043
0.23943916312167596
0.24228405954599144
0.2458732353097463
0.2467340577394475
0.23756591983552697
0.24902830927807557
0.2387955202793024
0.25339453672320345
0.2425462083513413
0.2624432780843836
0.257598842368994
0.2543225261210232
0.2554938212089114
0.2552815981901932
0.264806018862239
0.26453161961059085
0.27904776700744055
0.2549274091943194
0.28367140464423224
0.27283242158408105
0.2640986874572622
0.24847416894014474
0.2548361300764003
0.2488465785996536
0.255173015084029
0.26211846416328893
0.2584589532615483
0.25943851792068023
0.29403529604212164
0.2766473109257319
0.27673690383266913
0.2668960430946794
0.29813456944978933
0.28737359132560036
0.276859647901797
0.2818728507972743
0.2760348016368895
0.29241217798598007
0.28726444111902694
0.27122586943696
0.26611625031847647
0.29428308376710915
0.27102802118443015
0.2919583966459965
0.29355116663797914
0.27770306614498
0.2678345656100385
0.2791473847225616
0.2797557525056777
0.2790589785962973
0.2769431306445273
0.26538395461497544
0.2678928667664541
0.27423358789959806
0.2809552282652322
0.273394349665086
0.27921871916482294
0.292499263241241
0.2825511250457675
0.29665224597416323
0.29428308376710915
0.27123704393564796
0.28336901594719477
0.11657952627391069
0.1364499341086153
0.12515218720307086
0.13478666591783242
0.14950031099334604
0.1555232352758896
0.12884551764197785
0.13669242690266853
0.1392707261788479
0.13989695850262834
0.14019638531508527
0.12846759816349096
0.14650490449662126
0.17283550140832588
0.27303390116133897
0.3222764118915158
0.30355594500161026
0.3167562271598031
0.3325722282497154
0.3213101545739462
0.3347290418129918
0.32855520434501123
0.33642531318619057
0.3246332243047098
0.3200381872456337
0.34270007652561574
0.3025982452541365
0.29257927850937215
0.28410019082198223
0.29226877035423693
0.2719199517157503
0.25409050888546814
0.2722922403063529
0.23074212165260177
0.18713594537553085
0.21442384567738312
0.22550230578980343
0.24643500509316058
0.24865322596056072
0.2337955098346316
0.25452150549431246
0.27924502985735855
0.22437683825135576
0.26798816326644703
0.24637137180560356
0.25993299260968616
0.2529508793718441
0.25205568537630524
0.2560014686892925
0.2444259975732858
0.23708522196248122
0.24229546731982254
0.2601301447286308
0.24306119985329666
0.24995628077220228
0.25822253686282104
0.23615464627457355
0.23799578331346513
0.25644154347742765
0.27589611416077475
0.2841056576573213
0.2907710541272355
0.2796218367404621
0.2736654856250954
0.294325537024544
0.29338827650678134
0.28838323696290813
0.29036910037522845
0.2920893593530163
0.3024892947322778
0.2879472985249304
0.280865635358295
0.28953907860908634
0.29004625729934574
0.28183889212716684
0.2860355623525964
0.2995903581176929
0.2777530693049427
0.290476339126849
0.2844702279386324
0.28768092047560345
0.2859050357359063
0.2886021681199473
0.2835939826241358
0.30378281711324606
0.29941041334487606
0.29531446423699476
0.28953907860908634
0.28159777433210154
0.28159777433210154
0.20634492012419192
0.14237734738472202
0.1434355305539533
0.11947351860360911
0.13079982049280597
0.17592964367046438
0.21006394020028252
0.2554958597302738
0.2818215458795593
0.26784513395485593
0.2778607531765694
0.2797123833090694
0.28811788605922595
0.2757864650841263
0.2586334719011391
0.2582875059587014
0.2754902392227536
0.2697736835323379
0.2823299036988238
0.2589022636427452
0.2664273216133467
0.29533736941140204
0.2834228863299936
0.2588638719852754
0.2717732464076846
0.2767335970405991
0.2885587986247202
0.2521515484680525
0.25275073194897246
0.27374556731745214
0.28477925269629045
0.27904776700744055
0.2627685677842283
0.276859647901797
0.2717679948480591
0.2547304910130376
0.2589547388176946
0.2739812211503841
0.2713907122671068
0.27412169214847704
0.28558201022052987
0.2839945721185206
0.2960135736368187
0.27237212257068005
0.27880133836796095
0.2839279564675371
0.2793924796419939
0.27237212257068005
0.29509736298797407
0.2781346361473499
0.2821236768869657
0.2697287207564377
0.28417872954190426
0.26013023672045454
0.26267494619692006
0.2619058388751234
0.2671608831399964
0.25103345446678066
0.2587281624609899
0.2740294645341546
0.2747604831165194
0.2540541824272703
0.28274070499032855
0.27638768666750363
0.27018448482384255
0.24702025001652247
0.2876673689178234
0.262638884643567
0.27947990958558755
0.2667092330613819
0.2937343609028523
0.26035178719270113
0.2742901464267667
0.2652260878835978
0.24599587875532256
0.2345650391243678
0.23619184176438326
0.23637841996083042
0.22440733976471716
0.2259963645645317
0.24794892833412419
0.2472437949336434
0.230588684663455
0.23964755274750887
0.23033067349229464
0.22673166244519166
0.24599587875532256
0.24981265411460973
0.2535864628720744
0.26378058963460776
0.2743928674167617
0.2595562760029954
0.2714042319029426
0.2643203517392273
0.25971263336558603
0.25557322446242886
0.27001881189640015
0.27739072207418264
0.27477195161905843