0.13916200912318444
0.14460353909976742
0.14588635165761016
0.18551533057160952
0.18458040361166467
0.17674392381764725
0.1802214228169342
0.17113575043646706
0.182134536973608
0.17029277950288615
0.15750860998191113
0.1702529416958815
0.16353016312261523
0.16495634692875233
0.16360862164661769
0.17366751902508787
0.17545303636767184
0.17814552909124548
0.17210928749982707
0.16076620424648683
0.15197486118794673
0.16994753701590146
0.17167530602731856
0.17455027142376658
0.17719352850399567
0.1762851370626367
0.18024800778037514
0.1836379004078347
0.17676371938054122
0.18007884753526598
0.18247257851344617
0.18757359756899847
0.17563873782340345
0.18261765053978782
0.18572207218068323
0.18571961631990963
0.17613940433850575
0.18295277230966414
0.18565111719935593
0.18531255451400924
0.18346927319603834
0.16704773975335166
0.18161984802457448
0.18906050422426698
0.1850050099781555
0.1813102082205245
0.18084149906187577
0.1846820303672082
0.18720862404317207
0.18177363197027974
0.1757125572691049
0.18675782542174652
0.18203328873204633
0.18824426150652918
0.18694068083141424
0.19720454728673645
0.19922263315441868
0.19671709697909656
0.189900007130544
0.19131854537770043
0.18705787343395863
0.19227651077203028
0.18627576082847927
0.19325211065134762
0.17280610029737176
0.18916793868741208
0.18220866263153151
0.18041570065172938
0.1832408316573601
0.19100479060850484
0.18692138526337587
0.19355381090789414
0.18685019631196964
0.18439027430628996
0.18595850073537934
0.17873668977423707
0.19555152570077983
0.19112085280565372
0.18605954611083125
0.1851457097816616
0.19290761839849785
0.10519272064896479
0.09997812981594698
0.0964818143426236
0.11616706230337794
0.17213401017170715
0.1736914807903898
0.18397014193110006
0.17805595849714634
0.17803388735734582
0.17457822226922093
0.17590065524992618
0.1761631793281183
0.1726964999189036
0.17264049115185637
0.18578381109026507
0.1999717507065605
0.19796555722961906
0.2010487456905729
0.19295319581002757
0.2028807430404195
0.19621211220484736
0.20028880546826575
0.19711506408473806
0.19142199502291093
0.19977162616972483
0.19665288307083623
0.1904516872780893
0.19156124852854955
0.1883170653244976
0.19610325638620324
0.18628384520601093
0.17937743314341648
0.19495175143787358
0.1773782565599909
0.18566664652606568
0.17512411981879428
0.18413987172081298
0.18472579852630666
0.18010168002720778
0.1884001324881725
0.18271055005032172
0.19472321680368027
0.18845130332691679
0.17926296700719524
0.18283582964782374
0.18573343134979034
0.18687682715599846
0.1937624029294917
0.1966581829078809
0.19598336653379517
0.2011089743393687
0.204304899087553
0.1979790455980252
0.2033278021648443
0.19980067468079582
0.18478937717985727
0.1870287460781903
0.1921173798339046
0.183468739823823
0.19296142158426488
0.18766958594994315
0.18737314221768836
0.1937351925576533
0.1936791296940863
0.19487101167152965
0.18833468549787746
0.17668510849709942
0.17672523355005043
0.17839815668760817
0.1840397131936485
0.1650528780512816
0.17460783153542073
0.1640413435416253
0.17984372416858851
0.17314100018973516
0.17885632040135763
0.18486311157569232
0.18563351035489312
0.1927072892707132
0.19822946080198522
0.1983100034128112
0.2018056454174842
0.19897554084325852
0.1858120557613051
0.1941207319797365
0.1874934562101272
0.19060661822843028
0.1924439272939425
0.18676168681598088
0.18919865675155895
0.18487217028282238
0.1890265292777521
0.19204283937146818
0.1871792309612858
0.18793304537667688
0.18806023798216753
0.18197135123854521
0.18647303842017032
0.19328247331721493
0.19494020299377957
0.1895878668953157
0.18080553354654266
0.18053884505527074
0.17866975628944237
0.19290501877108845
0.19293109143366655
0.1995387118879765
0.20440885495686775
0.20578491406722785
0.19713597176246037
0.19459318425019428
0.1469880543025724
0.17436375296900852
0.1841919337609137
0.18940209766806426
0.19006924762082444
0.19232055084948874
0.19006276302186675
0.18859370168753675
0.1909603569388228
0.18593527746469343
0.18992749309636364
0.16997716648318867
0.19111477116189723
0.1801060041818194
0.1655321206526329
0.16069088262662667
0.17263544497122196
0.1681180274184534
0.16674070678045524
0.1692989306595784
0.1720016164670253
0.17776191344325348
0.17688656393372687
0.17449199281330935
0.173621534439518
0.17618220942112298
0.17167536982214313
0.17601291254542567
0.1763577369662257
0.18048473482967076
0.18174841528237567
0.17585448396527975
0.1713073340921726
0.17199708317357398
0.16281737642910982
0.17647496521424347
0.18396926475329628
0.18509702977947656
0.17980850075648158
0.18316239139195412
0.18940209766806426
0.18849231113477452
0.09350922714636478
0.08302363436724058
0.08528211765454152
0.09127383927486732
0.11616454768098963
0.1424932773329156
0.15347805762392003
0.167748855198166
0.17259734726944273
0.1777274682866717
0.17981943560971725
0.1902222563607705
0.18075865414126283
0.18821364016125675
0.18437582654632348
0.16712530104914025
0.18541927680652248
0.18458026526658114
0.18771100751527015
0.1884313201033111
0.18556037682348697
0.18249804091746485
0.18943618935637424
0.19387324572543924
0.18160234150371463
0.1848251442526263
0.160850044442847
0.16749638086000246
0.17860018416413853
0.17759584312334697
0.1789098848537934
0.17864246616556015
0.17360310895110578
0.167066229955851
0.16499317508019173
0.18104110702372267
0.18848250365307717
0.19112543058380466
0.19621894961048153
0.1895352168802893
0.19016382029543877
0.19308322387730703
0.18763121380141823
0.1892559861486547
0.1880325270350014
0.19190099390312615
0.1886196041708235
0.19702269608390716
0.1863196387396209
0.18707177209389417
0.18614751202684693
0.1867519882899153
0.19275463289303119
0.1850612404287888
0.18694484236591913
0.19630325932884218
0.19411624578715708
0.18812615973272812
0.1874791795175391
0.18382925989856774
0.19014804574893523
0.19140019788350457
0.18955075333469457
0.18660255917806512
0.18514100726235955
0.1811868103571907
0.18984749876235021
0.18598930068606223
0.1792987843908589
0.18865004829872678
0.18078358274508488
0.18149198879084372
0.17550163169824157
0.16788624613865483
0.17272738263405452
0.17274740490745571
0.18130926289335053
0.17569514783871093
0.1742896647482463
0.17464102942206547
0.17807310124582254
0.1836034522679637
0.1853103059276574
0.18560502795591466
0.17941575589316963
0.1838507644510542
0.1807448395508262
0.18187396237047188
0.19438380491528218
0.19172907191070016
0.18893243620861483
0.18357112648304869
0.18453543972589548
0.1866382847776561
0.18439299955168065
0.18556289335357512
0.18549214891353516
0.18203709316086739
0.18393005772881096
0.18299985113244033
0.1702208111181462
0.17237527276979825
0.18159289636964082
0.1858511580068788
0.19058925272916913
0.18809711357748604
0.18868589103034347
0.18298338450377477
0.18504212605414883
0.18554260912449055
0.18596620529394953
0.1813709850236617
0.1706137054921014
0.18934420741078428
0.19379236827577526
0.19079970093389734
0.19331730875997716
0.19321062082609225
0.190012994377568
0.19831594311190298
0.18755916526995367
0.18624140174512155
0.19180547158250516
0.1847825052791362
0.19105087125866121
0.19022030655202732
0.18052125079948905
0.18894299088146455
0.18896163935498375
0.18148717049045143
0.19843762787180008
0.19653289432415003
0.20403978230779243
0.18472342559707192
0.1968017651920947
0.1873095052799996
0.1984070764213129
0.1865654402192341
0.18206369897258623
0.18142562044626248
0.18369539275860336
0.18918319939065334
0.19144744798123986
0.2021072295356141
0.18855405115564916
0.18833988365858642
0.20000421131319784
0.20658749330499898
0.2048912567389674
0.2040881547512431
0.19896439450049763
0.19462785150652373
0.18448928516621427
0.1914109597701078
0.1903818231753105
0.17704396707220987
0.16966294699255557
0.16453723318786087
0.11600534676723152
0.10390490603892867
0.10415079485415962
0.1288212677035321
0.13821036845293438
0.13754203022004569
0.15702654922581422
0.1333788966913022
0.14499420841546845
0.13191384481314183
0.1424252819394921
0.13749668631649423
0.16179862904185607
0.16580049226667581
0.14832061094396498
0.1730234652645936
0.16322808750269374
0.1849961859716685
0.1733319672025224
0.16652815107695718
0.16566438754057317
0.1724953526558914
0.16819259359978167
0.1842027362081505
0.1802847174350873
0.18446621181371098
0.18550797068872776
0.17696377616126097
0.18618601020946207
0.18493228164652015
0.18763655109407115
0.17668750482855022
0.1654153225100784
0.16225374349903673
0.17091313650623244
0.1722676317664647
0.18716121126829444
0.17648726474726384
0.177785861500445
0.18453677419114933
0.17580890933586296
0.17246976066581887
0.16975471119837326
0.17118708362447968
0.17763773710262798
0.17293406231335146
0.1880457543480651
0.17642725409198995
0.17508617064521678
0.16975829735846049
0.17242350208647064
0.16868863502139966
0.18739777669544178
0.18373726111854546
0.1848374953411584
0.18237087110995706
0.16621185290515322
0.1769219849654859
0.17293574643735204
0.17521019545542627
0.17266828647181384
0.17553073774456396
0.1679862059604943
0.1696126520494881
0.17401054789142692
0.18044957140046503
0.1812453878204922
0.18212090808934572
0.18255677645013646
0.18063373129288168
0.18519639674605237
0.19061382290755824
0.17631139413714997
0.18113141488460058
0.1688426743879391
0.18281031231458433
0.17763047909241278
0.16635981500603356
0.17581520828855557
0.16952474315550914
0.17403173300260238
0.17258941115292328
0.17392742397056157
0.17576695137420778
0.15029560594802044
0.15860355924088476
0.1473551886984537
0.16337824330366604
0.16773519470868475
0.12875290798899752
0.10179010881159095
0.0824587048405582
0.09091792637342243
0.09179550696504563
0.12303675389745133
0.16870692396074174
0.18291651902899944
0.1874792974600344
0.20227558738111623
0.20754839617550178
0.2081572374504893
0.2063680058529635
0.21218274154319278
0.20265731453730446
0.20773547778721552
0.2157110047141702
0.21249832798953194
0.20722308278348
0.20950855034522098
0.2202631183495991
0.212735384031506
0.215862683033603
0.21413768453578025
0.21233115513355344
0.2161491547909378
0.21621631426832139
0.2157471537513963
0.2137721343217451
0.20638791992688293
0.20258073601717835
0.20121719744522676
0.22096108808815024
0.22246294863331095
0.21591462292207114
0.22297688763019075
0.21058408518435295
0.20901024995899697
0.21298282521805328
0.2161035458529933
0.2107204273610357
0.21488607413686062
0.2257409298809904
0.2241394333314806
0.22497296086243912
0.21807076224246558
0.2149433588292866
0.2200704089495924
0.21552159229593879
0.20909820614326147
0.22637224489161295
0.2175878009318994
0.21945097285427245
0.22848965446275793
0.2327496223713244
0.23042349557715308
0.22289111064362774
0.22865351862612524
0.23152332081659988
0.23611205608437774
0.22731950264987455
0.23463648045296254
0.24318481562074173
0.23839018354296235
0.23932664087997826
0.23891475436500156
0.22056349066214115
0.22201108715753143
0.225318090493913
0.22040984962237076
0.22224337404021682
0.22297013225928852
0.23170840767897063
0.21537975297921774
0.21391159332548987
0.21144682848293553
0.2156074026244035
0.21783899097798387
0.22581060979180545
0.21388956224123012
0.20899603422632035
0.21842078793955708
0.21419300503609165
0.21953182143217403
0.22036877133950683
0.215444450959357
0.21367962274108404
0.21482246074091302
0.2189576094665849
0.19921626085868382
0.2044203438030459
0.21338092808858036
0.21123278090905528
0.21701851604898476
0.20633628771253315
0.21343020148611797
0.21224336163303756
0.21126790765538783
0.20629262211267502
0.19156009177589836
0.19484932807086602
0.20027422268193779
0.1897559790394219
0.19659418897550215
0.19940123492433018
0.20995382262361134
0.2161198290949773
0.21165465697741886
0.18704282818775858
0.1901835775547148
0.1872511126968785
0.1946209562374481
0.20614147973778857
0.1975132922776226
0.2041618294657658
0.198202900521633
0.2049115975396011
0.2062343807835899
0.2176045784262037
0.21933031383522883
0.22519280066924247
0.22224976169726154
0.21898981674164755
0.23275277439679298
0.2271798958341172
0.2186602924734372
0.20180216616065605
0.19530222701011568
0.1991317066671736
0.1973548462223117
0.19966862030090493
0.19644705538864005
0.19991908962860006
0.19202438615536574
0.19417725784295037
0.1927653964474422
0.19640733464944715
0.17719224812759254
0.08601214001683356
0.0833031446021324
0.09854273589510174
0.11299483897053092
0.14914064046261552
0.16631941934180472
0.16851424433857243
0.18786219901834383
0.1860890285666844
0.19455122075528797
0.18488788781517201
0.19926940277550004
0.19502989748429395
0.19032668750689835
0.19747750641812106
0.20137212926705866
0.1970595171665151
0.1992874419125864
0.18791884020350824
0.19386719262049212
0.18929383010840645
0.18840863306915606
0.1947091048035804
0.19827483127747364
0.19839300760334438
0.19799701342095422
0.18508503650892844
0.1834847058903135
0.199590045988733
0.19773976988327147
0.20164099070238595
0.1883749056386484
0.19858315117127268
0.19047690569301362
0.18138801629657939
0.186688837180981
0.18986241197516618
0.1845947219478814
0.19296698367895976
0.18989954601092018
0.16807300745113474
0.2048525448247864
0.19192584221834486
0.21085860262807765
0.18892864182929345
0.21281639051316426
0.22743917245131318
0.20474796136707615
0.1998406692795324
0.1908744911547709
0.19675030919453396
0.2090519258322054
0.19882974834617975
0.20180022521363394
0.18597736624811434
0.19771721175722728
0.18173227755004046
0.18587719475884637
0.185861065353207
0.18031051252404887
0.20445918826984227
0.18009452277831076
0.18604799833635322
0.15507099095517587
0.1765969721180683
0.1956873060286859
0.180804571870118
0.1905792874608504
0.19085445403330875
0.1891368031803925
0.21171747470619576
0.2130599668275372
0.19041003069224477
0.19275821647393165
0.19882555773084895
0.1987767770166663
0.193030328660855
0.19105555934614754
0.19664359151245198
0.18211099563406602
0.18622144726751566
0.1899166383283702
0.1938558564173908
0.2055313226298265
0.20950361571788262
0.18868625630392
0.20156527829661297
0.19372846079411032
0.20003885021511475
0.19789204082296574
0.19484909519502197
0.19610966858465467
0.19254967111836263
0.1768097345767659
0.18142781150061604
0.19150704371758237
0.18258037422873793
0.18763424041321686
0.18217817377674528
0.17566974592000165
0.17164365756844835
0.1742641174301101
0.17065768824478203
0.17144595495341097
0.1826420037916456
0.1791471539191044
0.17419161476179956
0.1766951430157569
0.18115274845171792
0.17547047931238174
0.17741528243290072
0.17199328866933714
0.17472404032410083
0.179133950965579
0.17180200906855395
0.1731860941781812
0.1713318809114553
0.16827244127162846
0.16630246198469706
0.16850949594637654
0.17058016489333033
0.1756285236177553
0.1779557852900709
0.17738619032251235
0.18454850193661282
0.15709307964598906
0.17578865792199988
0.16668234804327783
0.18104713217621876
0.15462973132086638
0.16846252754703933
0.1659201071868159
0.17237512775295938
0.16501181508297624
0.15043104537858623
0.15704731849442174
0.16202614006826993
0.1655487304888265
0.1501737987901115
0.16735150171052157
0.1684671744645157
0.1600689201269907
0.1624735238363255
0.14197190092829864
0.1582750612042451
0.14874768301569866
0.16268548255926035
0.14512919398683605
0.10059989994358415
0.07653177856319358
0.08546019845234433
0.07951567568708863
0.0825636671918932
0.11413682921223636
0.13755064416687102
0.1518528256510761
0.1532851331290532
0.15612094795761886
0.15482954759511253
0.16637153310676117
0.17179944310657685
0.17457262269625673
0.16923823810630215
0.15011042972656052
0.16811017358755803
0.17199730235383226
0.16456266041502876
0.15714169592562238
0.1669631153809363
0.15552040418385576
0.1650881968855485
0.15938882111137537
0.1539072203110899
0.1576735264031488
0.1674353716572294
0.17837420155600137
0.17281538266571334
0.1717763068775066
0.1711524210107086
0.16377838779663356
0.17658677624589708
0.1753375461140227
0.16847520531814625
0.1678540467595477
0.16986971967709927
0.17093208242805114
0.18631913782582116
0.18314530131249024
0.1846785635119589
0.17512981440619335
0.18037514251141518
0.1878572575573989
0.1751241915093386
0.17592014652374033
0.15127360870821446
0.1852478032360905
0.1914905066257881
0.19346997231709898
0.2016066263106206
0.18446959708297223
0.17864966897322104
0.1945393964401206
0.17894418908687354
0.18212161925798276
0.18747199878388313
0.1823435488444498
0.18311072592554145
0.1869303494002078
0.19399261730211606
0.187105573346317
0.18674802681264813
0.19152763893978175
0.18845564770566675
0.19118877409205215
0.1876335880745052
0.18688406159940626
0.20083310556958506
0.20092088505272676
0.1920967581279177
0.1909458152478035
0.18412716562762088
0.19137069726497058
0.1883900357275367
0.1877949344014396
0.1916614198454917
0.19054902125364692
0.18920289126916007
0.18292451166434737
0.182635335814007
0.17710206990992883
0.18152221237305244
0.1793999054095823
0.18745174995675795
0.1955366263833152
0.20716110930955878
0.2033831868747758
0.21268150691220555
0.20532272343406038
0.2068289620688413
0.21595907762429917
0.2100000602137077
0.21347520152369703
0.21590017474271178
0.21175236236154826
0.21030180532787013
0.21239675698557953
0.2156294687811147
0.21965633753962385
0.21658968289877178
0.2192781845702267
0.21776105392389822
0.2218380619233759
0.22060126304468347
0.2209454167561974
0.22225858372626203
0.22861088275730188
0.21676716640402682
0.20919119510019507
0.21954406565940732
0.2085261398103861
0.2186535234190446
0.22156923851141183
0.2197958058332184
0.2228922316454988
0.21408428165789906
0.2243237759327779
0.21573024452495237
0.21977258743699962
0.22562995653337348
0.21212402043884676
0.21192546041566832
0.1954620981042044
0.19842902490533998
0.19199726174133097
0.19425841552795045
0.19201189035394794
0.19511001367154746
0.19643728236912217
0.2027555947026593
0.1980662679509442
0.19380942040812146
0.17290496265739053
0.17848225900997977
0.16662951602873355
0.17110100839523779
0.16285502086318848
0.15561129350918373
0.16036675202977158
0.16349040710645218
0.16658948403898707
0.16254140982252288
0.17324295736649753
0.17063920629943707
0.16734919080507088
0.17093410373675516
0.16311071762461318
0.1636433977781827
0.1638131858227682
0.17072862870783848
0.1699069887410951
0.13927661857152998
0.1443051963975773
0.14105659760446063
0.1435411826099724
0.14057879018831804
0.14905818569548546
0.14294043219002173
0.13785787905326125
0.15194162122961805
0.1371105459567887
0.12495065389069088
0.12052872515773409
0.13532251848545584
0.1367980012747516
0.12385361048401639
0.1314705672657698
0.11941084628920114
0.12363903663728534
0.12734566502647177
0.10832036302149878
0.12684754618304606
0.1101631262286111
0.10570850623625055
0.1022746492781865
0.11213921908687632
0.10654941287651518
0.10599407889726459
0.11094005214899608
0.1177206055274812
0.10798588761524755
0.11289395251602793
0.11260788511117471
0.1130718126444854
0.1013496212563104
0.10558577353147972
0.10936765588762506
0.10011413227156224
0.10621888122546383
0.11059665555298556
0.11491230623536136
0.13048654256804718
0.1350236405298355
0.13404627066415836
0.14274649175644089
0.15157730180938014
0.13507175869861412
0.14293522839647352
0.1381307969351287
0.14131375152183823
0.13603375219554376
0.14397944711865945
0.15747015468455836
0.164923262593348
0.14684179311060463
0.14531510630468486
0.13797036592905565
0.12768172046316748
0.11994279835177601
0.138677011256933
0.15077591498188075
0.1363648773464327
0.14486630645776655
0.1320544695000696
0.14425549381084743
0.1416551319360409
0.14280114383201598
0.14507896521787095
0.14521298806963473
0.14547757629911734
0.13796379147818388
0.1423411041636423
0.14500413983502025
0.14189798750919436
0.14166844090830438
0.1348008631572378
0.12171421100193455
0.12621031506365757
0.12296207162579229
0.12372290579124677
0.134947384960514
0.14001417065589616
0.14250540274629325
0.14545693553365702
0.15462472790147128
0.15023190398432545
0.1453835189298831
0.14592632747764167
0.14474466941429165
0.1451436289710683
0.1429529167981642
0.14704473946903124
0.13462221332280996
0.1471473283068519
0.1449548004482035
0.1476790996239019
0.13846431564815476
0.14406773048702928
0.148193132177561
0.14156955013028338
0.14545529126790369
0.14706632042680998
0.13754485569049185
0.14883623481955754
0.1397225516125783
0.13961299808718952
0.1469333976805217
0.14717677689553932
0.14482941213765446
0.13886580205125035
0.1373132817595385
0.13831690653412518
0.1394976597691166
0.14547594284995263
0.1400708736763151
0.14538038060279967
0.14565741339183452
0.14505638341277732
0.15324221668265997
0.1434067728327194
0.1573091850560659
0.14379031206799356
0.1569552820658366
0.1493334745120827
0.1624571359701534
0.1461080765748965
0.14151605022040442
0.1505580420836477
0.15516310434711544
0.15333510478470264
0.1454027006309409
0.1458623381813139
0.15500073901140407
0.14607588140415548
0.14699677100908362
0.14636948884874001
0.15137163524701866
0.1457040407345015
0.15203701908177214
0.13796706016136973
0.1504076668045723
0.08482949673289084
0.09632329221536767
0.09607628431182273
0.10273468625378358
0.11195722871763311
0.13921441670627385
0.1558791130941241
0.14856547530099556
0.15343403887866106
0.156800265051615
0.15057082090444684
0.15827316804381636
0.15252623155007533
0.15036913150892492
0.1560139739047987
0.15637522359022044
0.1586561700142018
0.1593991832621916
0.15176105915809854
0.15831514641460584
0.1436454884348084
0.15112781739170617
0.15719616519569754
0.14476891817082313
0.15191775010524894
0.15046060503347056
0.14701771849305395
0.15128900522311106
0.16119453512455378
0.1499447081526008
0.15044561759893166
0.15678134701289226
0.16192920104988234
0.15662726580034592
0.15608152989301938
0.15639981156890273
0.15410835762390018
0.17233526866991425
0.17008310479533725
0.1708716338091556
0.16584138083858047
0.15016194637622432
0.16939301784905914
0.1837782968773561
0.18297166724536962
0.17847667114397758
0.17301258968171568
0.17653656377260862
0.16621166386923208
0.1746975689423636
0.18434221511436988
0.17738823547597252
0.15616778414673754
0.165729268823707
0.16599935960605078
0.16942419808339731
0.16368211527743684
0.16496564113692658
0.14754771583229814
0.162429716450921
0.16179659037523347
0.15467520369459037
0.16030474201381245
0.16060936121518624
0.16238802586198925
0.1575845133872153
0.1511142432187575
0.15300600190322172
0.15354867210789974
0.1609714758650575
0.160936878927331
0.1686451653027687
0.16587744250482536
0.168801671743999
0.17240302959679643
0.16714940861927086
0.1671573352220647
0.1708965763744022
0.1708965763744022
0.16769999398300578
0.17238512752233
0.1697236615432567
0.17570525651024707
0.1688286833018167
0.1723197996629457
0.1646228942964906
0.16937611190021398
0.1584090490277934
0.16454119279935625
0.16663545153409282
0.15841550364415263
0.16138206420841694
0.1575470423818336
0.16240710883907478
0.16118727867129773
0.16525575806627252
0.15641771080956868
0.16514793778689457
0.16386244018854945
0.16119418491115234
0.17079489565287162
0.16247496374511516
0.17084798495193154
0.14810869414090283
0.17789938226132906
0.18136498448286925
0.19192270284766005
0.18477224271931403
0.1912124212655931
0.18649121105487276
0.18769628278597578
0.19603711699282084
0.19142027903058295
0.1974688417071012
0.18917358740711793
0.18173954033502032
0.1791244604503574
0.17939354240465305
0.1964625940411331
0.19237125360927737
0.18988508779755792
0.19020819365704295
0.1841080255543513
0.18348739149949211
0.18424982046340188
0.18615478889057294
0.19593035294599717
0.19678200975889523
0.17896354587512
0.19228897498050493
0.18723540686132012
0.19021544832811976
0.18712929405079257
0.19192534037020254
0.18952857812473756
0.18601427267324555
0.18805974955418842
0.19001278664745855
0.18694475779613484
0.18645090636987283
0.18759729776714268
0.18277117068231996
0.19225193165411822
0.1894582531753335
0.09976635643517857
0.08192663114937902
0.07366549671985394
0.07923958376481555
0.0939680229586425
0.12471380185955247
0.1207782843598301
0.13435548088345842
0.14316086885992646
0.1444984567094238
0.15987530705156844
0.15143256815319767
0.1508936550965819
0.15482580104306315
0.15296466866957792
0.1374388573160786
0.15809265498924063
0.154072095348331
0.1630350455278935
0.1665642456668026
0.1736364897497544
0.16804689259704159
0.16939439930553374
0.1840481342334832
0.1858262242295134
0.17953165156922304
0.18849173986047232
0.1714695635412985
0.1770776365066895
0.16943149821754722
0.17165354792074333
0.16483478251407654
0.16069894289016556
0.15511026772397707
0.14669662489151575
0.14773148825058094
0.1501480511215976
0.15982373158214805
0.1460437430881935
0.14713359763186634
0.14673889035745313
0.16119751597309367
0.14273177366900952
0.16563909866673338
0.13900258861534848
0.1590097186267907
0.14523657252581476
0.13620469145627617
0.12089811762676328
0.12127175947888276
0.14287613695739892
0.14908344539812302
0.14569703120126987
0.15546758418473258
0.13612010507095945
0.13155958602604373
0.133808983090419
0.13565586800971768
0.1340489505603988
0.141973632186996
0.14179219348401018
0.1365094445066472
0.1442117807844922
0.141956247379833
0.134730136190126
0.14338426972196464
0.13780387889936493
0.15536070028679883
0.1678224193345801
0.17753975690615148
0.18344179362112484
0.18304221099574805
0.17629248788809437
0.19004532101678417
0.19159252212949845
0.20108023987991952
0.19331330576298494
0.17131475153019737
0.18024068091547818
0.17265522308399223
0.18351083961674333
0.11558366239280382
0.07214973502298754
0.06404134640441311
0.0752135337516398
0.08814142435494904
0.09332359894425823
0.12339715693166464
0.1257877645393429
0.12473593137254194
0.12675261717658742
0.12524732335008432
0.1520421752928566
0.1404837994035102
0.14309190653534595
0.14701444005706515
0.1423388637947721
0.13774665900593086
0.13281853469687863
0.14000663048750434
0.16964605176501646
0.16760706969950906
0.18345973378691544
0.18209117073845332
0.18693293502947245
0.1825223999566118
0.18814437333077888
0.19122678774063184
0.1885118469089923
0.19324423646222988
0.1940397386940842
0.18949438825195933
0.18837218148842227
0.18964315851187566
0.1880670245021296
0.18364279385732546
0.18288735404549653
0.18443378743725264
0.18506360324444548
0.182388686730947
0.18522489147240934
0.18139635457417616
0.18195162510992183
0.18797675578979067
0.19177481330473073
0.18662294367909932
0.18158262082765347
0.19135717312181744
0.1923385685212469
0.18791276968000437
0.18761876075511863
0.1915318013626533
0.183731518958871
0.18100385062298918
0.17902268197065552
0.1822822682362586
0.18952806399061234
0.2024678380710689
0.21032328122050223
0.21189099113859824
0.2033559388710569
0.20430433638020462
0.20050460980063706
0.20203818723412514
0.1968092410232219
0.20009890221843524
0.2047878465283885
0.20542987800775336
0.19911932929509962
0.20223877604666307
0.18945090631245926
0.18156121532474956
0.18218848537476864
0.18852233741250107
0.1830914907461353
0.18335391331118178
0.1906899737404934
0.19777212622189388
0.2047592793764459
0.1966110371698023
0.19300579666124473
0.18822878973603457
0.1923656918979918
0.17751833556603303
0.19220817677336383
0.1801858555483215
0.18118873132651866
0.17329328103938135
0.18152155995712602
0.1751411571234748
0.18255539868159382
0.18313833391739043
0.18896036323345206
0.1816962302325923
0.17978225831347688
0.1869320435729677
0.18476544347612367
0.18222077896894362
0.18587483466928093
0.18787376082708224
0.17676386283062298
0.18141608184370966
0.18307490218572287
0.17799599371664362
0.1791119519511376
0.18563313151068594
0.1822958310254683
0.17719361024158398
0.18593734551319768
0.18862630408253847
0.18371902194398687
0.1874999429227353
0.17877514334370845
0.1880655707223191
0.1741553780973914
0.1746907363825881
0.16837003697320396
0.17571469077173466
0.17768054267874356
0.17074327538020895
0.166236056807288
0.17152168459310535
0.17347538907726068
0.1735715311812579
0.1645363418095737
0.1746496577711576
0.15726744898318828
0.07634077626501451
0.08397151949458478
0.07715171327657677
0.08421070998065759
0.09087027839083195
0.12388577522979154
0.1543248768507241
0.17088206021163227
0.17005490800380252
0.17680562403717032
0.18394146790460691
0.1844690386568637
0.1858463796408319
0.19293257029754762
0.1720009308602488
0.1784920440751299
0.178406087622737
0.18482723326065909
0.193302726966237
0.18769424938589957
0.18820403355937582
0.17938832051508502
0.17806809688962555
0.18776488169208477
0.1871946538272407
0.18565168835172036
0.16578589948779798
0.1847395240963265
0.18881321035256649
0.18292490259944139
0.1814189557969626
0.18520454734140102
0.18701626871005333
0.1823848984843058
0.17984341462811584
0.17781584021523272
0.1728718475868365
0.18120023987572695
0.18539244690848666
0.17428559107928793
0.1802073126090606
0.18462064354612173
0.18871923295615517
0.19069686351405146
0.192570782241932
0.2075918559823488
0.1997758388392546
0.20068333666998814
0.1932755732856429
0.19257237253969645
0.20657101346805715
0.19740842604374204
0.20052495121331754
0.2054537473532417
0.2041465679021836
0.19813418481627867
0.1974815185796721
0.19844213457516124
0.1918881372345239
0.20119503108909922
0.19982252548006385
0.20168916588565478
0.19862897251398043
0.20318998303250474
0.18909220955898126
0.19425077034091903
0.19864494962830634
0.19596323977234553
0.202070743636498
0.20747097011662508
0.2093446808756867
0.19711808060009434
0.20685453952102242
0.20714954726572649
0.19310247878980621
0.19411782148375753
0.19842889441651246
0.21295564312298113
0.2075895257419521
0.2044838503308457
0.19694530553580575
0.20872522707485264
0.20748721079889326
0.22125233743598488
0.2146809721983177
0.2113024081101436
0.2123476790318986
0.20603718763207512
0.21050566575106394
0.22105023050109202
0.21106651293077075
0.21850417707063569
0.2204046106659197
0.22937313744092985
0.23084821291591645
0.21894865891116455
0.2260920960938838
0.21261490376753045
0.21596712297493303
0.21291666556236305
0.2188701439320891
0.22102566121036854
0.2213506071180708
0.21937973458122903
0.21975823002754039
0.21077034358730884
0.2118483437263281
0.20976787000116381
0.2202983241339535
0.21848397487990398
0.2179962014958341
0.21968612826524855
0.18149949133111695
0.1434578014545142
0.12675917954663335
0.1480505683671039
0.17040826763271374
0.1839148064099409
0.1890735660620359
0.18222008838723247
0.19153645756100807
0.16228670475147572
0.17546390884929042
0.1720020811375778
0.15938880111223988
0.1481392684232337
0.1545910699310244
0.16257151217760601
0.1625879088417559
0.16458852958331596
0.15467796963137703
0.1608677131096639
0.17300361321190355
0.16410377510708174
0.16822923969415193
0.17873102103341498
0.18416375297264975
0.17846242404329804
0.187765468901809
0.1698717570232203
0.19217252734500614
0.1804696446834424
0.16919701227670836
0.18505627702738045
0.19412266133434075
0.18536423850964528
0.17546440597309354
0.18071439044947885
0.18385684703164584
0.17748048839879804
0.18436229413117244
0.18060343559308
0.1800169561028945
0.17983079132554586
0.18142322391125526
0.1795940324930346
0.17161191656054975
0.17318047913432627
0.17108787487705773
0.1724404489803656
0.18494315138775264
0.17515796392860378
0.17336615605402028
0.17336362537599323
0.17151402559140808
0.18014789692580507
0.12210552006986417
0.07605928662070974
0.07382237988006256
0.07579237688323749
0.09877683556089577
0.1379873952092347
0.16845474465176358
0.16885780275301934
0.17897702020403508
0.17839497150580777
0.17597076893546998
0.16510864940397152
0.1790636325735946
0.17194874660253384
0.17015255299085702
0.17468470233411765
0.17336878419698581
0.17416922135033083
0.175378952100249
0.17551026888900856
0.1681137881398576
0.17252247968922396
0.18098690656137595
0.1796138798934917
0.17730108845144865
0.18022793074922266
0.17069191202476458
0.1787816209200574
0.1812045380186293
0.1830570463926594
0.17746661588078
0.18235992287239705
0.16893509153159963
0.16940937571226625
0.17229522722652607
0.16391970614472645
0.16118283079095902
0.16312342662080925
0.15713666790406275
0.1612621220037868
0.16194033553150497
0.16914753930701226
0.16297148781688373
0.16378981079353788
0.16547047059449943
0.15567153582993543
0.15212552722362194
0.15700276086352094
0.16396412467336763
0.17104715809546608
0.16412284143031888
0.1548481976150996
0.16038119484819438
0.16292738685131558
0.15634704620934942
0.1505837599930524
0.15326701677971982
0.15814335987315042
0.1553839503476856
0.15573797624846714
0.1525990007646966
0.16862961295375226
0.18068537999048345
0.16765701758861098
0.16261431876095556
0.15341492657520106
0.15109145446274092
0.16299313974267438
0.1473016976180356
0.14370014358431787
0.16151033360603131
0.15923923246173435
0.15611789583739688
0.13312118783587856
0.14774578143437236
0.1515443280652228
0.14438945717075702
0.15213108474654724
0.1558517820250983
0.1565876960016952
0.18449844635233198
0.18810179447670028
0.19486918265758907
0.1925409331580653
0.20920433393402538
0.19480124480935315
0.191202985212489
0.19873771887245034
0.19111197741882055
0.19495208025747854
0.19005054296914767
0.1920297339325428
0.20051958641031403
0.20408041263375498
0.1927183445114693
0.19249809736195106
0.1955519762179369
0.19040969503107918
0.18126903883991047
0.14585408947721007
0.17324636075140815
0.16856091876712898
0.1732020529318164
0.17060235328624676
0.05540100016733501
0.05399536934782861
0.06926621533077609
0.11716980720546487
0.15337661002867042
0.16269866885645973
0.17688835352973925
0.1793621156472624
0.17671560663496017
0.18416813894219558
0.18873253235327697
0.17291816094032253
0.17122981338568483
0.16809542353018758
0.18426760993859898
0.18389432586262927
0.18657291151507385
0.1784059893297355
0.19186786566849026
0.19568411418001952
0.19028438909016682
0.17952349157636832
0.18758100160427593
0.20375673370073288
0.188891088612097
0.18774602964560944
0.17617144583143843
0.1852614783486226
0.16897976995628147
0.17848540631819393
0.10851894330680664
0.0849272442196243
0.0819637853888893
0.08389302180141163
0.07922064903759754
0.12813791400859928
0.16028406836158104
0.1708097905633795
0.1705705962572513
0.1693558337437146
0.1561316029205628
0.1647042483791284
0.16237402454686012
0.17719966766159673
0.16634529027339084
0.17488755711883136
0.1673771102078322
0.18277070979999724
0.19009061859783272
0.18681143443018766
0.1870953681824199
0.18448099004606575
0.1572711052406625
0.1626252186099059
0.15985608139815355
0.15957961797140766
0.16497066270210992
0.16630737119711406
0.16896572865199933
0.1656703339897106
0.17374890152973507
0.1675419050437197
0.1710852847626134
0.1671618185599264
0.17564501635645213
0.18243767884092127
0.16528711632103735
0.17738738846570976
0.17783109085500992
0.18295181549477033
0.1804410094341034
0.18346764822375786
0.18421339005424464
0.17665403694238124
0.18328231650624227
0.17753569055317928
0.18486294130203965
0.19606431328439916
0.18195884392555275
0.162505790296549
0.17930499068938266
0.18790357841799266
0.19177163331925973
0.17618098863720197
0.17900104847565834
0.18193402865516753
0.1842983170648714
0.17660089830970638
0.18361098745061785
0.18566759996385584
0.18358185860461568
0.17959245886167255
0.18333363263862196
0.1905626755191735
0.18612755518383933
0.1894098500145029
0.19064129256009682
0.19958115052316025
0.19594828924587182
0.21946903268961976
0.219080644872178
0.22327238315872133
0.21664319806983218
0.21410698938938072
0.2234499774240657
0.20152442741691162
0.2165126798453118
0.22085657685340082
0.2131208357781505
0.20522897303306814
0.20697496812111982
0.2186733724275674
0.21164003220666672
0.2049235464453744
0.21330784002134034
0.218422591641452
0.2217674187567999
0.21560413354843694
0.22628474816820443
0.2214612381390133
0.23506361072045961
0.2095767400200088
0.21899471524607061
0.22218519570323522
0.22330534129820484
0.21361631005769627
0.21848322306527632
0.2317124062872829
0.21405854231929014
0.22752486377205677
0.2181398093689212
0.21790108835140995
0.20973920733722837
0.21811699996653117
0.2326900209163352
0.22001861534769476
0.21829444849765195
0.21860690513295922
0.22123824603569303
0.2152514512026048
0.21156325921031388
0.21030355699788272
0.21490183660960172
0.20034361210996188
0.19248425873193015
0.19362701529098486
0.1859073789370923
0.19319826538560678
0.17983584977359918
0.1814441813245054
0.18900991466959294
0.1805160814847797
0.17676488133399698
0.18026555538466432
0.17715908063106203
0.13705109848192096
0.08755779596049629
0.08573278600324691
0.08561786855397918
0.1080845338683829
0.13333698746289668
0.1606785163020496
0.1499250122226939
0.14652697742056564
0.1574744693332269
0.16038180659758222
0.16557581689229822
0.1724943923305503
0.16814133448750107
0.173279347111654
0.17860567020063006
0.17150887376186819
0.17519399096712973
0.16702398451557673
0.1739395530566008
0.18550185489305493
0.17639514584969151
0.16658777630634986
0.16928874591255835
0.17086192317872012
0.18137676888781412
0.18436735324207848
0.19002963391380323
0.18233315157253185
0.17781479297936134
0.17504918143262443
0.1775708549216823
0.18154303795419488
0.1885834280638226
0.18752877497551573
0.1830383684571903
0.18418067026702106
0.1749010147787382
0.1737185309143533
0.17784019363652415
0.18064518242958388
0.1906065905458008
0.18338384381471856
0.18284638548518933
0.19156850163093947
0.1837214392937624
0.19165677631386974
0.18975515807811794
0.18120972328457913
0.17555347744532052
0.18400408572581853
0.18361206143605302
0.18003113769200005
0.18181482884525413
0.18098713086235904
0.17218282019792827
0.17615582234026023
0.176679617755173
0.1748382386599518
0.1784275228633077
0.18182276228816635
0.1956409427365519
0.1875129324623358
0.18604063394090187
0.19116006003186853
0.1797145782918752
0.18760833293576096
0.18785775523882875
0.18849180600909954
0.19032414019477667
0.19136675750696103
0.17435645946827327
0.19198968776848108
0.1885229100797854
0.1913605851466798
0.19529806303039676
0.19767481577286006
0.19160072277217682
0.19791265972377017
0.21365910391673726
0.2137114255133991
0.19633889601938948
0.1948378497336346
0.20847063537517574
0.2170691855193122
0.18638569588180426
0.18070848669772388
0.1865697201891362
0.18227363403033497
0.17189709526276237
0.1791495555256685
0.17582377342942526
0.1736725530343861
0.1815989409213376
0.18225150455281036
0.17974933876307542
0.17901988839099264
0.18787184401185048
0.1681795482538756
0.15653231385517663
0.16271507538874325
0.09931478969915641
0.07337793267499435
0.08461480480512443
0.0777602004061411
0.09320134108725188
0.1332314327922533
0.17442304765300798
0.19369823487022242
0.1971649831532173
0.1954996862042067
0.18561637791918348
0.21010887766742511
0.20287237051739132
0.19655741348644407
0.20740154204044764
0.21481276741878966
0.21868639023836106
0.2020712107322758
0.2011493564879397
0.2107842764082347
0.19808279617544233
0.19886313967319907
0.19878432568384807
0.21149481397537778
0.2014816718130533
0.2044076467509035
0.20328174836051233
0.21915872416323534
0.20921325233365207
0.21283201006196467
0.1996209966757253
0.22762740336185483
0.21091745520435606
0.21018966954052526
0.20060753783595983
0.2013380759850919
0.20520310714055362
0.2017064568641043
0.1976868127671524
0.18936756668881527
0.18889882498156646
0.19753350943390768
0.1940560005994889
0.19597569043739388
0.20565012338137004
0.20880008022180546
0.19868065774235988
0.1929768896806095
0.1842102546738394
0.18915159504088458
0.1885520694312096
0.19529012126382755
0.1958129871719178
0.1986978805410144
0.19081948130542783
0.20986988274624857
0.1976009871037167
0.18801300328417425
0.20089624920112392
0.19777831067742951
0.19462923009022223
0.1864062431423288
0.1820019555594135
0.1850878293943699
0.17863681347679677
0.17254699045408822
0.16963127738457529
0.14833304929361318
0.1503976542020385
0.1540698536443062
0.14561042793689327
0.09184442295301015
0.06988532477255252
0.08085978479832241
0.07379268007928455
0.07658392517044471
0.09321038151344996
0.10477615951881802
0.09586394889035356
0.11790693220167212
0.12010270816606383
0.13204960667471147
0.1442985479827431
0.13466622466343448
0.13915200284605989
0.12929313496567593
0.13234139375044235
0.14301250532237442
0.16064748245618637
0.14942137724888502
0.1487568022382655
0.14496199416186265
0.13527562246706598
0.13122396282559262
0.13366568650733912
0.13118579364632219
0.13832413876361832
0.14088986659497527
0.13470639073135812
0.14692155873765717
0.1311428371043142
0.1455821918856737
0.14539148933893048
0.14216046616254766
0.141866669557694
0.16798935428770706
0.17221597750574788
0.18968601869283058
0.16339301494612807
0.175143055605613
0.17580563260679166
0.18055626355777163
0.17442157050304757
0.18219426260987193
0.1939231843392677
0.19849037378288076
0.1911558428281801
0.19585088329132092
0.18201851936371632
0.18923777342877585
0.19955303711560296
0.20007874516837237
0.20408361534029174
0.18968627258768891
0.19424072290254835
0.19523846991150606
0.1841329398162146
0.1735421073714678
0.188723463358406
0.1886601147576364
0.1912405449258323
0.18324722999790394
0.1970916885336505
0.18996995393521568
0.1782101431019928
0.19198259588401106
0.1948157861798641
0.19047578184548275
0.19010011539046817
0.18494559048095427
0.18144005475689917
0.18462485302300968
0.19257735444284693
0.19477664372315107
0.19462764807679
0.19700416571305202
0.1884740924741117
0.1741430154407252
0.19127280187443169
0.19794932073012994
0.20174470207171835
0.19897492328667954
0.20007181202930152
0.19874797126212157
0.20706963981764917
0.2001114209134034
0.20283955970377374
0.21015075847694847
0.196624850831797
0.1920545721743235
0.19843466672078894
0.22234656315206985
0.19273872310139564
0.19962826568854466
0.20564194886196585
0.20724602353211963
0.2111064347503605
0.20741603170015754
0.21745347408058335
0.22009054642928927
0.20452690082903235
0.20634230413180704
0.20832787613343687
0.20969748970990934
0.21192103043019178
0.20335362287004513
0.2090763062817066
0.20469632496200496
0.2080912868124979
0.2004399606328861
0.20615262559205683
0.20088991279287932
0.20884392423880788
0.22119429634672033
0.2096552114623843
0.21985114078969212
0.20953062322750554
0.18583317709600924
0.21194183906053454
0.20528438034787796
0.1894903196244901
0.20100674315815287
0.20320533471206859
0.19549711029476097
0.20081487889171798
0.2056147204832816
0.20418192228773746
0.19930836339823516
0.1898885148371695
0.20769323880979246
0.1966852038846068
0.19451440239237766
0.20246079718597498
0.1941250603500847
0.19720130864767677
0.2042309517955016
0.1989364819372033
0.19673333297537599
0.2001300601188653
0.1889821631509295
0.19265889167937572
0.19527613718863226
0.19160323166712664
0.19930193746832287
0.1942417528862977
0.11480647581412255
0.11618014045651301
0.10282724530112992
0.09812695228581199
0.11926496225446226
0.13837696018753023
0.19534100829341688
0.18553709507594734
0.19744073754631786
0.20113176768805283
0.20013568260849662
0.1922071007520289
0.1982856601436645
0.1985756723669212
0.20400448265891322
0.2005203074746227
0.20208314731693483
0.2066382591642984
0.21885286861146172
0.21650463885393761
0.21643749730947276
0.2143266381453814
0.20506226030626334
0.21541887584387273
0.19691030114634717
0.20992774392016283
0.20885565135582262
0.2135562673859998
0.20624796528739192
0.20364435122874003
0.2037370020479255
0.22465758154151116
0.20253574167969557
0.20853300449481116
0.20469455157590305
0.20370701138940533
0.19835159000620853
0.2029395755709803
0.19809773592215113
0.20038428575288325
0.2033346012812276
0.204254145538392
0.20931512462804217
0.20375160932139608
0.20104770078079343
0.1994504798162435
0.18683102038178995
0.19545244872752982
0.17554441871574336
0.18492546702926332
0.17917822777654496
0.1868672817588135
0.17941028006034138
0.18403229472088703
0.1705070472018156
0.16940259879086336
0.1818445542212343
0.19209790762822498
0.16730416283349958
0.17198857948657942
0.18240656317229056
0.17321504916730382
0.17005947093816112
0.16687367896424232
0.17662424220757172
0.17197767313080042
0.16846591488777654
0.18054205842187582
0.1846844804969396
0.18431354564351404
0.16837534221904288
0.18249960662261924
0.17600939587990153
0.17771604134991936
0.1844006563343338
0.1733460082571509
0.17165030348899046
0.17064719649551593
0.17242467881439583
0.17797828778294147
0.17769143688416003
0.18644165824555864
0.11044138788130031
0.09012599314246539
0.11854790429110294
0.12679289004987784
0.15011412349561604
0.1654747668700161
0.1749647297533087
0.1790202444312926
0.18473582742856054
0.19145351184302756
0.19238730729778802
0.1891112141504424
0.18973973539059225
0.1868051618524622
0.20003188658480775
0.19400766453439772
0.20164981588551678
0.2012757046577927
0.20367260575710833
0.19812258989174983
0.20454428234909686
0.2055381724297239
0.20164853831221996
0.20698033053152637
0.1970761974262978
0.1982565975958162
0.19781385758578346
0.19834251495084113
0.1857789815053616
0.18133387470950257
0.18332375935715312
0.17497953853047382
0.18239643578773418
0.17799015096767193
0.1714247978185704
0.17549166336019223
0.18025096975708318
0.17381905850805707
0.16627772003435093
0.1774133540522318
0.17804668458761763
0.18006585316050477
0.17640153569645162
0.18222998356957634
0.17357105041640694
0.1722993958321252
0.17011572167259087
0.16179898328300915
0.16941811908146692
0.16832346897583528
0.17888669782901273
0.16883083133917134
0.1804440436381225
0.17674061093725185
0.1808986113954271
0.17045126404835337
0.17465714508943875
0.17238006441627762
0.17873937444045646
0.17580492160543418
0.16510852672894638
0.16749138854405482
0.1670824031888473
0.167282107933788
0.165090260792398
0.17498583905265985
0.17528238875422877
0.17000312692720643
0.17623388391020836
0.1694465973462609
0.17685365960015131
0.17442813635577314
0.16776197068817178
0.1727252906870459
0.17025170455869748
0.1697029463747463
0.1692481460515492
0.17547459699001142
0.1801995745082388
0.18325293724047753
0.18813662440510126
0.17351184349391677
0.1764582050237578
0.18213853004988081
0.18635225105339293
0.1881742799093864
0.1919670427632238
0.18697147101511447
0.18883321988891608
0.18509452391631911
0.18475728597013175
0.1877650904639813
0.19010696535882246
0.19453803688263654
0.19641936263330445
0.18540181329420174
0.19706083064086638
0.1934309353105997
0.200016497916217
0.20252865932183511
0.20142901613604292
0.18977222634499744
0.19454732102103584
0.19841998041082903
0.20345723269510083
0.20589109721902335
0.2026336521869258
0.2066322282103142
0.19221384080569814
0.19745594145550466
0.19392187433123692
0.1944226250006939
0.18520280777577916
0.19500610259312984
0.2000847374953476
0.20041776022636165
0.19294550439761526
0.19773175593773035
0.20269874260150045
0.19342172968825122
0.19109812740053406
0.19193453190612983
0.19481729154611524
0.19350472698390717
0.19899026496460032
0.19016460092262744
0.19453659122299954
0.19683196025803362
0.19582733473832942
0.1935540749937517
0.1933128607546556
0.1980040886693482
0.1897271425618473
0.18730576321854875
0.1870412651431339
0.17964889254397426
0.09093844032518873
0.0923500831761269
0.09988423676032311
0.12353274754911389
0.12150602837044724
0.12888927963971805
0.1651347813116099
0.17257699117696929
0.17458217361065956
0.18064283275093834
0.192863300634174
0.203174364234468
0.19812434693642034
0.19901621234092032
0.1967855527199987
0.19972961308989196
0.20192658191242024
0.2066145073511485
0.20994054917259614
0.21024648336391336
0.2124255714095093
0.216045505189941
0.2070626136293582
0.18968079779952246
0.19876112928764023
0.1993232317476905
0.19651470753693112
0.19308323208578926
0.19155261647097097
0.1879153420145531
0.18600613499890828
0.18195020196526307
0.19137907517198444
0.19171784891592158
0.1891919241225405
0.1874666440868267
0.19437911389435458
0.1919246020572856
0.19023355341433001
0.19952890512595217
0.20729257261923772
0.2067078146183098
0.2008374855338586
0.20940765801278619
0.20608335486410748
0.19821566522446216
0.20630462924959023
0.1993901421968156
0.19770010171767363
0.1969017364104222
0.2036876769387152
0.20521612094644054
0.20387807829195864
0.20568342060841358
0.21005807575871288
0.20736353194413865
0.2043132321215928
0.20944727277112035
0.20499118463418958
0.2097480011821704
0.2091687390943714
0.20578876108397515
0.20278580746551572
0.2038033991555543
0.20609881363197063
0.20232586068929445
0.20496165472259814
0.21029125819459837
0.21285951217957944
0.2121093001545165
0.20817053257982598
0.20780079478437832
0.20885997940904327
0.20129241307999843
0.20038093840648236
0.2049571811401712
0.2105506835647503
0.21032333654777552
0.20022270275072312
0.20637445115974123
0.19741736260674828
0.1951854034476559
0.20251120339157103
0.20145203839796308
0.21043889134874194
0.20011229796964086
0.19831210208418215
0.21277810418305143
0.201702480076454
0.21083687926330108
0.21466928036832328
0.20688836652872145
0.21079378955254768
0.21258014560336513
0.2024298738511634
0.20914261491181987
0.21822551904592502
0.19701274862190082
0.20001033269587576
0.20395848105099712
0.2012853495795539
0.20551716358485278
0.20820898597853915
0.21371226148751243
0.20463122820238586
0.21330544075872077
0.21197741578082585
0.15687732523899278
0.09797221213785517
0.08672708483554398
0.10606628525334814
0.12921009240717002
0.1512636584649688
0.17834312478923414
0.18449554869896903
0.19092347021182146
0.194200562043269
0.19288710938843184
0.197725200342822
0.19509809425733513
0.20419198481024237
0.19886327786677427
0.1987325998275541
0.2020938533998472
0.18315404718653733
0.18904948618401882
0.18607432186212092
0.19227466920170128
0.18881561319508242
0.18478323876337854
0.17942010051749344
0.20063289102279364
0.1960799954017125
0.18603263845326468
0.19816488279578465
0.18942200440384954
0.1932679721357608
0.18933399478630653
0.19293868018088323
0.19871391012412187
0.19159524360691307
0.18311489198326475
0.1817522101009768
0.18401550141601128
0.18731035254920014
0.17827155095179067
0.18293939403877968
0.19424583876147583
0.188390263779957
0.19208409774605298
0.1897759941264644
0.18984791636267054
0.18554067482211087
0.19262644572204696
0.18974434999887074
0.18732386260229214
0.1710270281537032
0.18864423705004135
0.17599965317320143
0.18294386389719025
0.18341889560364358
0.18207325596186974
0.1843547809214326
0.1837633816287676
0.19706092867171376
0.188897873224747
0.1834071457604087
0.17826584340561857
0.18025203653677746
0.18821967266634076
0.1935605756140343
0.1909994695827194
0.1856424179022561
0.18575528843820105
0.19161270231271454
0.19806900516577838
0.2011974846132204
0.20922816038795625
0.20626549364763408
0.19296195315777176
0.18041616817633083
0.17917457663703357
0.18788129929460018
0.1887655896516809
0.1967288065495109
0.18733648626241595
0.19525229759653057
0.1965564893095853
0.18876731485131754
0.19474608998848086
0.1948941770822827
0.22426122084604824
0.20387267415595609
0.2108398501530144
0.21536613566560073
0.2072359068876679
0.21856476896082508
0.2132631003648729
0.21103958789668625
0.21312302645259454
0.21277330780740158
0.20644515875978248
0.2132270568303517
0.20327817926657177
0.2114711146311708
0.2070151119275422
0.21150149188566225
0.21087852095863785
0.21819906359721453
0.20803708625305317
0.20632420505927263
0.20943584686011918
0.21009902269051745
0.20939416554398887
0.2159309704439767
0.203220422087304
0.20834295912373713
0.2155615336979379
0.22238221264205435
0.22873467397847325
0.2185363722328851
0.20762469702787267
0.21207322040371918
0.21124674038347616
0.22038269187868897
0.2073762101777165
0.2103600719371802
0.21190851730923804
0.20628100160077956
0.21032060536022745
0.19198926762934165
0.20506791118890016
0.1983916744979552
0.197943873703033
0.1980084716670894
0.19846579531060407
0.20403683455468016
0.19904282492173825
0.2043826955572071
0.20926416389073893
0.20270042488296564
0.20023314247650176
0.2013457739062015
0.11235181046058884
0.09849084412091115
0.1317843821677952
0.18547154413721928
0.18823575721512453
0.19676007725905623
0.19929474702221206
0.1989627388820975
0.21662970769426088
0.19708845255079926
0.2106410344344855
0.21385244714766377
0.2231551676520513
0.21997265140288408
0.21038231944921348
0.21591689795065971
0.2157161507421296
0.21893152450706227
0.2083828232890019
0.21755580763940968
0.21549847161305014
0.2076982609740739
0.2081964096447578
0.2104852719991564
0.20026938150812099
0.20134273074522419
0.21161263198666574
0.20706324284208838
0.2128114230582162
0.2140890818315549
0.2065479808195797
0.21282636160836219
0.2134020543423997
0.2134020543423997
0.21590345217741358
0.22191977229541646
0.21873526395715087
0.22241163282164772
0.2167931185491871
0.2104540405826608
0.20699527127389683
0.22031988766063954
0.22968264440796624
0.2234143732286477
0.23135101223164523
0.22734847933657137
0.2387904988245681
0.23384161081925908
0.2428196034455588
0.24856689969338291
0.2419445119756139
0.234849938555599
0.22775339652179993
0.2246142678605904
0.22582544345217243
0.22517216674830703
0.21242616390838606
0.21104276341902264
0.21625025153130084
0.2256835635651636
0.22058746961300293
0.22770811332195973
0.2229735928783
0.22708288751450623
0.23142440608554188
0.20666334854689433
0.21491083134519723
0.2136117534431664
0.21316658614040798
0.21270807788131202
0.20687597661005175
0.22273901356114678
0.21569071726847155
0.21730027403104418
0.22153252392863051
0.22046572780135798
0.21846745796732092
0.2188309478861299
0.20865083156805242
0.22523067712383998
0.21183683724005167
0.21009713486683293
0.21270814817897993
0.2301372271125209
0.22395021855271996
0.23042342926455078
0.23007922815932808
0.2289040164208131
0.23061880124551887
0.24104165781610606
0.22732200231280503
0.23250191593085248
0.23811226044658013
0.24358672414854987
0.23572500171537847
0.23769890017036344
0.23497128142479162
0.23863206142896765
0.21173546309361863
0.21754672939041353
0.20355666694531319
0.2028240572527623
0.2088559999335215
0.20874341039448358
0.20158873843621855
0.2068080943045758
0.19254935891534122
0.11301626789716644
0.10554220574626876
0.1087061008613107
0.11962251612676242
0.14727054200677164
0.1630122975240546
0.16834175731557993
0.19439216003273885
0.18826177982698156
0.1965712036408809
0.19196866345753605
0.19112808306231716
0.18603402005383077
0.19193842032057934
0.17091947772397403
0.18628779034922544
0.18952557500475709
0.17071191673335134
0.17439125255776378
0.18226399960554684
0.1890629769477771
0.19389669933000833
0.18870581211207027
0.1841125730097659
0.15054279229011872
0.16715020612603926
0.17685895350445385
0.16854093738487325
0.16425584991865674
0.18384090214053406
0.18275033892551854
0.1713311467527077
0.1707368090343489
0.1856986639596196
0.17006549563114645
0.18550539247622155
0.18036240747028234
0.1808690957425978
0.21041665010755592
0.2022834544745195
0.21208309518899254
0.22576305978641087
0.22448921150986434
0.2326748347923473
0.215645710869411
0.2139148567649658
0.2256185455344418
0.22102137882329048
0.24067376589472234
0.2311424055866551
0.20988697211252927
0.2165517780657671
0.21041664089636292
0.22297156685701283
0.21874139522335995
0.1960485092744434
0.19998127281494202
0.19626635020527422
0.19975802231982265
0.19938904814781386
0.21487325499006768
0.19519719456577223
0.19749028222229473
0.1973875951429529
0.19771182584039426
0.17186416287004563
0.14401477813185404
0.14312808555329848
0.17748835480231187
0.17652804682518586
0.17370936422699057
0.18143383363038929
0.18916729412412073
0.1899461935639169
0.18054930373167927
0.1738204189815662
0.1709020621428859
0.16012681284910973
0.16348302745683443
0.1727390682393176
0.1550895971435448
0.17522947319424725
0.16962278883078194
0.15537541649618586
0.15739914364119287
0.14456755972801047
0.169111468857105
0.16034874506165836
0.16868956199948676
0.17084592515116392
0.1682289207740197
0.15977023979242325
0.16470307921241764
0.16685341935959075
0.17965470841037384
0.17329400537594503
0.1909739006502419
0.1968734963196048
0.18604009833003304
0.18210659335286628
0.17908568382102577
0.17742620537808437
0.19082523852612107
0.18420853330347786
0.18333260071532465
0.1801158321477997
0.1822431383825376
0.18440334084845605
0.1894629970076988
0.18379121555717537
0.1835459139407984
0.1907653064602683
0.19600105917992894
0.19392154277082735
0.18705812384185075
0.18835029965109198
0.21261301879398745
0.2056367946456074
0.19776907053584958
0.19264807181738416
0.18746179315262843
0.19228761161813787
0.20095674469647976
0.20159314959895147
0.2070207943365142
0.2032795454696959
0.20013744360038072
0.19919659502341913
0.1965321494772991
0.18919311101482678
0.18804450235877493
0.18554995152812154
0.18480648906418795
0.19461670205719042
0.19773188626009064
0.19516856269687033
0.1953933274555683
0.1993496618617192
0.20145199408707515
0.19468208123256273
0.19414346783567277
0.1919027904307649
0.18976442026195472
0.18830502582014366
0.20150575339391025
0.1950120360477443
0.1978984619601385
0.20203044861370606
0.19780399663672343
0.18662008723958942
0.18575378876328347
0.19433402476178663
0.19031468471141996
0.19706499757492918
0.19744897078650359
0.20958333939736284
0.20398482794255973
0.19595923821400818
0.19083637382656826
0.180973172444369
0.1895760617444303
0.196867529077089
0.2005971109701561
0.20854673198691115
0.19808251853809855
0.2009048095987152
0.2024046277874068
0.20479313027987395
0.19908025380566644
0.1989923889617131
0.1800246218558939
0.18882646735030711
0.19049705788782015
0.19125124828288978
0.19128375192810818
0.19128771101898812
0.1883102268241193
0.1906847140886794
0.1915461469321909
0.19096928379970024
0.1936661371033997
0.19238507658617154
0.18506479969520145
0.18379406874783316
0.1918634039817409
0.18757909296610817
0.18562308437403363
0.18759005862985118
0.19077772984526395
0.18330144930997527
0.18805650821895886
0.20015606986421253
0.19694649233722977
0.1891260531942388
0.18898703124778832
0.19006113200840194
0.18996788994936706
0.19039919697327135
0.17865769555365008
0.19193501844528804
0.19452967641794133
0.19539202310691306
0.20161434855438531
0.19444633488348192
0.19618338765004123
0.19082683513793677
0.181801131698151
0.19453961970130632
0.19350472899781496
0.19546738630333
0.1992876705670112
0.20229207386769277
0.200590173454867
0.1976758207229659
0.1855658226581136
0.18540528569462789
0.21030809354556618
0.17364280096462675
0.18344741461451092
0.1824273112499441
0.1901688893496204
0.1886003893995138
0.2052754521812623
0.16969818520527558
0.10933391542946179
0.09941930186804271
0.10518719558180886
0.1107385238923351
0.14508661196538153
0.18070759354908994
0.16436561188474347
0.18145415694737727
0.17857939199284806
0.16385799110360616
0.18325796298174526
0.17789166265312656
0.1790966986529725
0.1931593304374562
0.1802155059986103
0.1833321047504913
0.1821899897360496
0.180144414695246
0.18454725079289092
0.18410337007625177
0.18922223903511148
0.18631068594063638
0.17775154836561746
0.18704350703644593
0.18072620891002467
0.1858616868899332
0.1894450606905694
0.18926578762257099
0.1892598632543409
0.18922957459671796
0.18880636282556568
0.18214116375573053
0.1881965889092438
0.1839859961807194
0.1936780491218807
0.19068559317213135
0.19384833807564655
0.1887082046502942
0.1852554990443313
0.19489581578871595
0.18844138422728093
0.1867389133545599
0.18347436998643724
0.19449728891806567
0.2006217339531473
0.19515541215824828
0.17782637167581555
0.16946131021461272
0.18426927987530112
0.18247357160172847
0.17465456361973944
0.1887554707767835
0.17957468931203882
0.18146013544184125
0.18352107761844103
0.169148596113554
0.1774036365860989
0.18244809019653646
0.17122886697771236
0.1728714147106095
0.16624083514394322
0.1876074594424495
0.18127053907240787
0.18699368400615593
0.19505724790887302
0.18479545154981553
0.18743164141311952
0.1955756893349386
0.1984302629591871
0.1934063106349649
0.19430458961605962
0.19735452238342577
0.1994778520945666
0.18434575848104337
0.18990167605125224
0.196083630050364
0.19562863972765898
0.19322783565319687
0.1979873443062386
0.18795736523822412
0.19020633044156476
0.1932939643367231
0.19169748706731432
0.18791705441843687
0.19246660268512727
0.1795479781652327
0.18614117445800493
0.17867442452521284
0.17859098868502155
0.1843289757007861
0.1828737314118295
0.14308502539645107
0.11096523960417469
0.11399448497929726
0.12354360075737045
0.15034319483635805
0.1510964367394264
0.18431827688177058
0.20120318417015615
0.20511484375442568
0.19529105572648658
0.19530894217378103
0.20474019536227137
0.19811966326238523
0.1873863192640556
0.20292876632713366
0.21537865929251954
0.20516142656395675
0.20477274906575266
0.21240504939835209
0.21890584711219144
0.20276161092371414
0.20418181766601817
0.1987706170127407
0.1939406228601639
0.18474713471700688
0.196603897134695
0.1914786502305844
0.18637882164752434
0.19339212036760106
0.20370017270714458
0.19227268739815864
0.19448976921389563
0.21489866619666909
0.21093005123404657
0.2014254538978576
0.21169075053283942
0.21309750267402439
0.2092859610301367
0.20774159096288236
0.21028526485583432
0.21113254993792552
0.21049765111437785
0.2154031526240628
0.20257174266266753
0.20755681937198373
0.2155110429917304
0.19400777367423666
0.22623687945638865
0.2169135492666996
0.18772710828407582
0.19805644278254722
0.20545820466706305
0.19336776304089595
0.20169946264625901
0.20575562197394986
0.19705318141528017
0.2030797041210542
0.1864298316521143
0.19760020195839956
0.18904095281462585
0.18780386116500408
0.19337728050005912
0.19049396547217534
0.19344241392548245
0.17033009325012494
0.09806250250883759
0.08849942149972906
0.09131492257659604
0.10881975375871936
0.14872723310076597
0.1604041489265421
0.16351290777756247
0.18044840871592832
0.1530293438262385
0.16716781688254637
0.18683747424348712
0.1910491128600138
0.19637783106919807
0.19293751530007033
0.16922843534514287
0.17437087823300318
0.18060077525253698
0.18447850933071616
0.18325815284690994
0.1847769973805961
0.19094725300787338
0.17853636992307248
0.18043228959510638
0.1884597846218682
0.18856956504697164
0.19559249500964543
0.18049750214678079
0.18903663813124463
0.18741261759437794
0.17344571997065306
0.18226540627775295
0.17564819771625861
0.17845778369076598
0.1803650244161455
0.18454269804116374
0.18028041983029833
0.1872277983413832
0.19690935115956643
0.1857031572127777
0.1818970482419332
0.18248869478737506
0.17948984883721208
0.17269119409602746
0.17755430410823247
0.17060909397611815
0.1749486898452154
0.17442683905269601
0.17384376047902353
0.17147930214327783
0.17477576512758417
0.17180957735318264
0.17121764551597962
0.17543797446425718
0.17621852203926142
0.17876025084262914
0.1866395209111853
0.18409040126785411
0.19051879315890252
0.1938894254949896
0.18182626764621818
0.1778024567785993
0.1764794680362229
0.18867613996274324
0.18711069971848243
0.17732684789943232
0.1725014365558893
0.1805703900036582
0.18209151956567884
0.18954675213095262
0.18630013594695893
0.19152647181210147
0.18457608448592155
0.1857522081450238
0.1811008570056324
0.18249109919084566
0.1692300466805251
0.17040817059714777
0.18627214876324671
0.18843559713213281
0.18653084419402755
0.18470121115674493
0.18885973850912935
0.19210526907141587
0.1849874729024451
0.1950209107040952
0.18031391853518608
0.18434761926370985
0.19393805809661313
0.19230836144671973
0.1878609186133848
0.1859012542230754
0.1782778252401831
0.1768139716456375
0.18651738253753558
0.19531218932311484
0.18356907087973862
0.18253269890699475
0.18163963437985353
0.18150770438839448
0.18209227132487169
0.18257691783015242
0.18122579868802915
0.17800011320042403
0.17038702659749702
0.183134994069182
0.1754411387150051
0.1751180338282437
0.1740245777010267
0.1679482187569209
0.1788804957321917
0.1765515470741731
0.17039046955375742
0.17381276134755053
0.17513150704623698
0.17914130251109547
0.19433311934439437
0.1729287324695386
0.17831917373982448
0.17971538486057437
0.1825489520544209
0.18122018165916476
0.17400745097746173
0.18923861763077704
0.17629987475298625
0.1505936835259571
0.09636911873772763
0.10374226694298241
0.11116096922880091
0.12958213671308508
0.1531194731902309
0.15513200784329428
0.16835090874596642
0.16518840450548694
0.1593808976465898
0.15405653663181146
0.15939006496722202
0.16261620853822853
0.17616134610913503
0.17037920265160628
0.172754756079896
0.1763081116580893
0.1682246952483448
0.17212598818610503
0.16139490522436295
0.15816991007228656
0.16468004178660092
0.156201159300891
0.16555151297035012
0.17160159887644016
0.1665636061029268
0.16531285445841337
0.18497732951415896
0.17910346574534738
0.15131599249017075
0.18257898732132893
0.16292479562251855
0.15872751787918504
0.19592818851374813
0.2041780838283671
0.20669008288143098
0.21229701263232684
0.2159511132007924
0.21632171914503034
0.20116686177002432
0.2106951232521014
0.21967077353516273
0.2156307972919998
0.21701264180106108
0.20863405656674153
0.22719813979170128
0.20673554411482425
0.22599224494439288
0.20232966416644316
0.21271189848952338
0.21555892518970532
0.21510090808914004
0.2092320382441461
0.21031172568098916
0.2123433472126972
0.21702242752797873
0.20700614098317777
0.19768438924089257
0.203096276362005
0.20249381950535225
0.19859419704081538
0.20335849135364983
0.20733150384483795
0.1876402542496975
0.18915658433574495
0.17835717723083805
0.17971937310079578
0.19645435393014316
0.18087052437773998
0.1769979772602483
0.18628521634768463
0.1863431835431002
0.18290459200964929
0.18070646851739744
0.18183979927494281
0.17517141023930843
0.1724036668409636
0.16839755778762333
0.17459433389275858
0.18056167850316307
0.19065085942015372
0.1813163029415133
0.19522517293605401
0.18759743243389565
0.18578964187496494
0.17372746916839282
0.20356618927690273
0.20650348723589357
0.20839136893739685
0.20898996062288658
0.21794385458012638
0.20636484006873934
0.20942023941046564
0.20648728967383212
0.20994063828499657
0.2110431477966745
0.20678911209043685
0.19882262899295255
0.21049807003857496
0.19929831808426127
0.20470622089080243
0.20180831323935006
0.19960422423140955
0.1948286756131507
0.1963938321079408
0.1880576837967305
0.1913266521456353
0.20085718249047504
0.1874963359184844
0.18754739530467954
0.18300408144376276
0.17931194863468772
0.17726943911031412
0.17304835290816034
0.17861023527051761
0.1736607437757715
0.18102246288854168
0.18106850774053634
0.1745737204897089
0.17668061490121678
0.1695400781460596
0.17794564035105645
0.16906903118008093
0.17747535610554385
0.1759315438169256
0.09028451577453321
0.0912100028600185
0.09519241311036694
0.1103211683423923
0.14668325544169564
0.16818598372794297
0.17206306555954193
0.17248471736972754
0.17053629063844106
0.16032010745439973
0.1703681444171694
0.17585648448778743
0.17261141890207926
0.16488302963772572
0.17423872199005325
0.18993483197513888
0.1950189397841604
0.1970875041895394
0.19389654210683832
0.19352756985362965
0.20927191961076846
0.21244538647030847
0.20279893011650263
0.20866686810217083
0.2112745600686905
0.20991245901029892
0.20752190224083347
0.21354577467436542
0.2120346795262361
0.2218023501331523
0.21744647243931764
0.20444386463841122
0.20430018139537204
0.19947895687304376
0.20326089101241365
0.20704844219462865
0.20609813116951423
0.21004464984933463
0.21129512094010572
0.2123016669962012
0.20677777532940866
0.20867097968827542
0.20715256202959853
0.20923523365728486
0.20749329407389028
0.20501456764962872
0.20672048106834634
0.20963563368785035
0.19367289743023564
0.18843722595911067
0.18322121613412856
0.18494924744407182
0.18752537957540755
0.17609686408351038
0.17728362032342698
0.1814078839294482
0.18054693623007564
0.17655233871334153
0.18050875556388707
0.18613305100578592
0.17853987260759124
0.17954361720490877
0.17835248055813924
0.1891078829207351
0.20701677115379208
0.2114000429790758
0.2141131296327511
0.21776955752912072
0.20582957634183238
0.21145906104013856
0.20976702620864895
0.20581174028521637
0.21166506698088478
0.20600136319106643
0.20346227192990562
0.20498988346507188
0.20350050327056776
0.20585540903790556
0.20737764562508715
0.20496727092204156
0.2071757110227292
0.202094818156676
0.20258784821304854
0.21047919570501294
0.2052208347959099
0.18916823043900569
0.17517593111643204
0.19217885893376002
0.18638367659017224
0.18199556559137392
0.18393993534540493
0.1812831650193122
0.18190805795287363
0.178999023575644
0.17477614647431045
0.1750581225691095
0.17481505704165484
0.17216346037041788
0.17371797154941604
0.17977334303170012
0.17893429106805997
0.18157600729264742
0.1767525904224143
0.17567027069105703
0.18164891299178543
0.17581890133341488
0.17165745800914728
0.17619667181585835
0.16999864279829785
0.1721684765090567
0.1765377231979341
0.17271070125706517
0.16536723141186235
0.1709436468484417
0.17784423685019182
0.17531876135482524
0.1713138948264839
0.17559617041735576
0.17714640720557684
0.17024597227582638
0.16748662300920236
0.16853136328014418
0.16686094401832288
0.16608774053197453
0.18175614107765126
0.1754153976169717
0.16881800854986195
0.16806406418616768
0.17609143394054666
0.17210256146621242
0.16114528843610632
0.1780250557849531
0.16718729915852965
0.17945716612484253
0.169736511790967
0.17553333898489515
0.17452353645649463
0.17493689124755496
0.17016646977143557
0.1691883272437062
0.1770008559737792
0.1758271715580506
0.17707793445434983
0.1741159967211026
0.17739964684881832
0.17707350317784315
0.17196956689731444
0.16975833946699045
0.17057022352644027
0.18131641220251005
0.17683509307576684
0.18210756387479832
0.18234131993980054
0.16965222734984467
0.1781542181840189
0.16722982927909794
0.171395638401519
0.1702024758207612
0.1686872783636426
0.16568354289579626
0.17569858315481196
0.1676700300529505
0.17254243983269368
0.16926731744486473
0.16730542440268767
0.1642177981766738
0.16346927088088786
0.15846303112241988
0.16154479643550634
0.15789328355520474
0.1630963133472422
0.16129624946296572
0.16731827859979245
0.16451149640526253
0.15689475373894785
0.16687665164069837
0.16956559086067097
0.17762994430380574
0.17717073778853928
0.17374906991853267
0.1700766024798308
0.17747971100516685
0.1850759656160872
0.18652791271102198
0.18582814291919172
0.18299019551073056
0.18021410448560538
0.18407592710389198
0.18088255206129933
0.18669644524747678
0.18735187362927586
0.18887687736167147
0.17957414547442258
0.18205244601352494
0.1801777178475627
0.17765687037610212
0.1782872313691845
0.17931559148307502
0.18149258882692512
0.1808777271397632
0.18628671003558872
0.18760830116201407
0.19029306806691876
0.18271434520216268
0.1854298711658831
0.1864847570447427
0.18866296265966864
0.1891026357722831
0.18521207078905083
0.18411670025585491
0.176959207631803
0.18152053356563624
0.1782571546106546
0.1807585407176886
0.18045936255605716
0.17394487817975224
0.17762504364971976
0.17126562136546158
0.17241076036586883
0.17162708738569635
0.16730854870065923
0.18181256762656162
0.18084382035010493
0.18580169144895498
0.1885384535537723
0.18070338566204341
0.18747346476254995
0.18528663051436123
0.1813032968540467
0.17178131610844044
0.17716773911648803
0.17799484405811283
0.19022303599220236
0.1749068820050297
0.17512832839371592
0.17514795457839666
0.16886114265718982
0.1770428962399564
0.17939228878526672
0.11473073386883617
0.10663037802753797
0.1005736496203895
0.10562368817612515
0.12924424058018436
0.18509273790956715
0.19261115511375054
0.19738442556477087
0.20430848339217814
0.2060505932337961
0.20260466755407713
0.1970300968677734
0.19619971443284473
0.20306592311583144
0.19613593151330885
0.1974736114955066
0.20321514549327283
0.21066591544780217
0.19286619846439254
0.19685443525433793
0.19400024233923108
0.1888952022017289
0.18612279297451503
0.18469398336314508
0.19647993301885858
0.19232213110696317
0.18681900261086531
0.184106710395726
0.19330352063776662
0.18820341194530738
0.18752992053211232
0.1838753256458078
0.18940855170108778
0.18242777350481498
0.1888946956002695
0.17652917972245152
0.18683156661506461
0.19177539046488834
0.19189946914342773
0.1907910541220353
0.1965872245857334
0.19958232432040712
0.20016353133991505
0.19729069741940275
0.19144482507357424
0.18804572281767018
0.19039951961538826
0.19072308934251436
0.19484199497026405
0.19186661889491707
0.19182018276390528
0.18657071416742096
0.18751270003899717
0.18725419957460157
0.18386070991617243
0.17942479756536028
0.18070039150690456
0.18166212267549903
0.18741893629573791
0.17559883681541535
0.18914269418733298
0.1885488879841462
0.18572011619050321
0.1921526638617204
0.1867612334432195
0.18034635221458956
0.18825024736484863
0.18678004326422315
0.17655713479549368
0.1806507325769442
0.1828935997268179
0.1828935997268179
0.18848158862027095
0.18945351824980616
0.1849649324092067
0.19243849448492772
0.18947141456938085
0.1947465573574767
0.1913437930910855
0.18924375289788942
0.1950979630984948
0.18613084954440767
0.19228672244191897
0.1845031818168552
0.17934924982440228
0.1809352838528568
0.17672868273791975
0.18394155329283352
0.1869363674473561
0.1805626844686511
0.18552401258781298
0.17918314867791046
0.19011125006161245
0.1851314616566837
0.18145944395675317
0.1770908673269581
0.183496965075353
0.1836319347111539
0.08686347097936314
0.08875706935604194
0.09697516335600133
0.10810469759327544
0.1862582266288434
0.20471035721131353
0.20798027143914327
0.21084496084912807
0.1856484355952791
0.1888042257432124
0.20780792758946998
0.21836809830804293
0.23114268939968274
0.21565951395203747
0.21602706030978513
0.21813031803417487
0.2154325266275703
0.20354459212744969
0.1964344043196247
0.1965957629596301
0.20208985180548794
0.20688048908151596
0.1983515849152957
0.1951432631526278
0.19156326591131367
0.17558850986762503
0.18314137464956043
0.17887361565139026
0.18659239838634462
0.18069515068256745
0.1827106130440393
0.19804541761656455
0.16776749257531734
0.16546306599745156
0.1626631546109622
0.16255448915598483
0.1792218453677125
0.18668036374518504
0.1703536734301868
0.16780427839358592
0.1765593984084038
0.16161487200367985
0.17013438541447745
0.17739962029972112
0.16946609466668347
0.1763005487362873
0.1803832852538061
0.18198862040973868
0.17608408055010855
0.1728017657240839
0.17385328550761228
0.17125551368112205
0.168611823644702
0.17510316082674826
0.16772757152673423
0.17567566937833912
0.16650477381117007
0.16537230689723365
0.07137360051255723
0.021840143429207398
0.03546682349840795
0.018391432743194217
0.022889543878701832
0.020671382179379676
0.029719529045460116
0.009810845221798644
0.03756969104257757
0.053697688446472644
0.07966377473294461
0.11676627242988422
0.13270272396979152
0.1244412107318796
0.14269917060093376
0.134364751272753
0.14281153986673079
0.147625303857109
0.13670123590946354
0.14720995510742885
0.1337967874382647
0.12804317659335285
0.14210980678165325
0.1507666248903871
0.07634573172943634
0.026261877949079002
0.028859217621374052
0.029310237360798172
0.03981890999848113
0.07391907082035015
0.08228798333105408
0.11681391489767118
0.13654265020949433
0.14878018630882786
0.15878293893516665
0.15630430865377695
0.15134016984594373
0.1594663186819171
0.1641694839658498
0.16107326659681048
0.1664959925587836
0.18320871929299132
0.18667673509707672
0.19067729475713371
0.1827955217674953
0.1814591913336108
0.06310730365603281
0.04560327785579735
0.04251611225980717
0.05436324208240974
0.06336344175807115
0.14664414714419322
0.17238395308573237
0.17331014575823253
0.17754640516495712
0.1713311071390473
0.17237447485445273
0.17110204494923525
0.16940866978723787
0.16449279298855068
0.17577777956303575
0.1737600367364415
0.16455074872237235
0.17441436345056716
0.16933773553545767
0.1432686292811861
0.1190235707855258
0.1179679797314324
0.11461681200944662
0.14057069552383783
0.13827740971611716
0.1358445955683008
0.12474932430348781
0.11499053458221375
0.12841034814652333
0.13074425881658766
0.10673775043597375
0.12672048642677866
0.12446436259768104
0.12175075079877455
0.12470221275385932
0.11838094877171385
0.09176019459076054
0.0867518003521105
0.03767281651663869
0.06335356601162927
0.03798797581699781
0.03927312296612289
0.024108980950616886
0.04580486427608518
0.043242708009355424
0.03557036823962445
0.03118982980144833
0.027051221737371775
0.04094307932527537
0.036385040830066356
0.04001026242066284
0.06954379568581351
0.06813422938837671
0.10242495859821146
0.12923042220946152
0.1340974021408269
0.14944839752542666
0.14696595527049083
0.15436011713350617
0.16011704124343218
0.16186120978223556
0.15903425353000655
0.15473465538263695
0.14602631540490418
0.14742366748387042
0.14472755091140999
0.1407544858061797
0.16233825779883715
0.14268804378445996
0.1484851227020824
0.14013998481264037
0.1479327592282132
0.14204860360280977
0.14244240103660577
0.1484737180944264
0.15510350360204625
0.15348582657708254
0.14392780691400325
0.14273227919050896
0.1412027569497365
0.1447665608695653
0.1334925516002099
0.1406418003196253
0.1478441274698956
0.13674995316460267
0.15413908436328957
0.15052097618805016
0.15106031375200407
0.13945058116867276
0.14345476119260467
0.1471001717366169
0.14364641949289747
0.152536049329228
0.15024541966890453
0.14596141927032505
0.1462038781194742
0.14350238227261758
0.13393037956971093
0.1422013616804304
0.13941987097330732
0.14311832311911238
0.139165845297962
0.13919748754148314
0.1321267038965463
0.13335552794735808
0.13474764303756898
0.1337335758489535
0.13553438598082385
0.12644318669608903
0.1357970481416004
0.1242467840770392
0.13501138922852743
0.1338419117604434
0.1214384331816262
0.12244385129783922
0.13400450953381748
0.1301454536442382
0.13787800534524758
0.1227793738907018
0.11985499362869853
0.11252593914062711
0.1139849819185722
0.12296487112625709
0.10543902673218661
0.05040055649993297
0.04658981057973209
0.041776309537045496
0.023768912040167404
0.07754128582531222
0.09708736927071572
0.09800945091882535
0.11745429688136666
0.12031923473404756
0.11836196512576518
0.1084265874119587
0.12273071244539904
0.11240654824524438
0.12061871839045943
0.10937408105137214
0.11692883231147669
0.11938700462230532
0.11477765475358678
0.11530209643372616
0.12245982165094499
0.12025244380445795
0.12458999343087042
0.11337286189356043
0.10908601944237759
0.09764666614256445
0.1178353752049065
0.12620550061321106
0.10477158604015346
0.11313970319876152
0.1172426165164602
0.10365481274358687
0.11021172643474095
0.10208439535878158
0.10103312972936385
0.10544485479565047
0.09986428728105581
0.10228803395551905
0.10485594063561622
0.10413335404135082
0.10620384767252444
0.09974798006867987
0.10158534180717349
0.11194140429387131
0.10883253263265662
0.10889396508661862
0.11473014226141687
0.10484472829762478
0.10184065000091565
0.09392333107058788
0.09261890899707352
0.08953107350820294
0.08536943654276385
0.10447235360832971
0.10785076913460918
0.11102294619773348
0.10750948599948204
0.10520259483512306
0.10358853067305746
0.10284226584982986
0.10220750799456538
0.10780389224043199
0.11105191935284892
0.10790411939891897
0.1111189889397348
0.11299485086912894
0.10916603941975173
0.10207847605257903
0.11042213231851772
0.10991750651325148
0.1162844079545173
0.114285401576799
0.10344690819705582
0.12326178634452575
0.12209356792391651
0.12080232604879669
0.12228529212164281
0.12171522116296439
0.12741008926909217
0.1266613486805852
0.12305731720087493
0.11979220179786726
0.11204020745224921
0.1104289161485292
0.12316558947585937
0.12356623813067438
0.11823584996066935
0.11392306900600599
0.13183291673808162
0.14025074835998116
0.13482523750959777
0.12386621256250364
0.11269249336114885
0.1277410136818184
0.11819621296437395
0.11347723469561159
0.11065202808441534
0.11170389618847708
0.1136030918466598
0.1195821916140491
0.11210436290078446
0.12263767401969469
0.12632152264608387
0.11824390022646086
0.10329881528754557
0.09943397812202485
0.09894978956465761
0.09648015426869964
0.07439594265955823
0.07528522148422381
0.08065070161058929
0.09465461964405662
0.10146490977806963
0.12563597335283852
0.12904202421101052
0.13268204937349912
0.1415180211790109
0.1200921335361554
0.12744890558348881
0.13383692902541308
0.14081832313523734
0.1385330560599848
0.14569635554397195
0.1410897464988622
0.13575081057042682
0.13871007696349053
0.14088239576322809
0.1421371668348722
0.13701186092225853
0.13542044113979074
0.12833810542170432
0.13653318201601766
0.12949158085960322
0.13215817608753477
0.1277097967459624
0.1292317434146036
0.13285802255059415
0.12111771889635069
0.13200037909706985
0.1292581350176016
0.1262450621449112
0.11611267989891016
0.12782778299121353
0.1329364562912619
0.12576784461609872
0.11827430675902934
0.11950990699200424
0.12237194724338141
0.13438822218578916
0.12423752603259208
0.1275972926207854
0.13170716243116193
0.13680031863061276
0.14123887787299613
0.1397517567805107
0.12974947647140217
0.1340539747189371
0.13912775245063969
0.13693073053845406
0.11575487626635668
0.13007695984358414
0.14300620753293325
0.13765053637368063
0.12336372744607255
0.1386082358132583
0.14486944999878226
0.14692941573872745
0.12518187611456782
0.1422887253660228
0.13357982435724455
0.11709330480618127
0.13269673396533183
0.14036793091931296
0.1312042904618406
0.12710001489288825
0.12564996653755917
0.11469621293093633
0.12752104051620827
0.12153712875692974
0.13498546688099247
0.12786633748548465
0.1329775709945588
0.1411502440613645
0.1431868724978366
0.1470545502879989
0.1452494173423114
0.1452286470384983
0.14769237548486086
0.13691510225350584
0.14921491636393136
0.1374182006151381
0.14613621836019003
0.1408841924897022
0.1567702602853062
0.1539554942787894
0.13680996983913607
0.15274437958257941
0.16080226269517106
0.15600484239321805
0.16184257669696056
0.15464808411152947
0.14553884961699354
0.1471265121990463
0.1430255795021536
0.14059410408417355
0.13408026858629848
0.12490928385761421
0.1289385040307503
0.11867611532337351
0.12928047992249883
0.12217443818450768
0.12637533138746193
0.11437467234682339
0.11643506924922509
0.11594920580344853
0.10746561390392911
0.11540505804160328
0.1091169390046361
0.12260469464295487
0.1266793099417863
0.11458293907503261
0.13060300906919753
0.12295139814186062
0.12561243456716792
0.11296937411699882
0.13226473700342187
0.13228350996104268
0.12832325319554608
0.13211436835818752
0.12760243537221333
0.12726172765146235
0.1298884296647942
0.12981001762816166
0.13163390279693848
0.13041946382792724
0.13074683754512625
0.12747545205090072
0.12391948782900655
0.1250657020342526
0.13502856194196777
0.131631765908656
0.12639649857128102
0.1328354147028178
0.13899882517526246
0.13671871273020855
0.13027930422542672
0.13101404991956522
0.11492769961445629
0.09081630999477533
0.07279560405251795
0.1120568340657356
0.15778901286425814
0.14768336594559006
0.15380134741092394
0.17124416767685743
0.1698874908760381
0.16060381446294641
0.16984719235575507
0.15582505273511346
0.15318171387489
0.17171495022362926
0.17134755395519916
0.1749833529810137
0.16129384727482682
0.16194529264183402
0.14864639552060588
0.16426472261636632
0.1659305811245449
0.16444470768591124
0.1654125683300161
0.1635951773554098
0.16312193818502693
0.16539999993943078
0.1615601337476299
0.16488873258433567
0.1590891318652488
0.16099865417897177
0.1749236333055132
0.15844878918442012
0.15571901310545327
0.13949692320839352
0.13475813122536515
0.11580140584642148
0.1181630202420893
0.12172571250963922
0.11843629380278235
0.12741257557873942
0.11425148410792975
0.11356101206193236
0.11619225042499917
0.12421960470342329
0.11734539752795035
0.11685471915983897
0.12449057571260935
0.1243408368150169
0.13031906435786622
0.13335085824286763
0.13320381858895022
0.14435047531664386
0.1524586178423406
0.15976153449581745
0.15694463490586177
0.15975506425848796
0.15258700670571507
0.15171345302520822
0.1561458107691691
0.15975653471389717
0.1521972287162916
0.15272268641812192
0.15914075809711298
0.1523841015661371
0.1380910035430286
0.13932827734417166
0.14198002262202727
0.13722901946492327
0.1387615704725713
0.13547739300552228
0.1520993078756873
0.14672002447103982
0.1564635424627666
0.15929567316865578
0.1606935142212353
0.15067837980606685
0.15986742649347335
0.171219894069434
0.18015561455855117
0.17339753632532023
0.18432419495979996
0.1791830628103205
0.16990561029496762
0.16799075651684436
0.17369088866937626
0.19203569754671124
0.18976920216343884
0.1881092310064832
0.18544038082814665
0.18886496038536868
0.19421917733023325
0.1986274962235044
0.18027752415316464
0.18547496872494024
0.18807476270987203
0.19052033955894673
0.18226930297877483
0.1924140745534143
0.19456471166215872
0.18883737319009006
0.1860887940458169
0.19215605292689691
0.1116990060345707
0.0768638115396677
0.07545579799779548
0.07701752250518273
0.11861712397441612
0.12068763960577303
0.12963613205341668
0.1269977211060244
0.1460256488815333
0.15604643341020943
0.1510262805495335
0.14408879036852001
0.15633545241696833
0.15949604237243115
0.16336460736250202
0.16905835084628
0.15329842790890874
0.15355967343240684
0.1559286577405105
0.1585296319473008
0.1619065221162953
0.15145999734646592
0.1425252928232389
0.14937962410832462
0.15021166628776578
0.14526317618520784
0.13919137381640517
0.14815155361004628
0.14976515659635706
0.15163036518387518
0.16188504846105595
0.15247410856721993
0.15833433730051094
0.16063939882362904
0.15775478489781197
0.16161388306726632
0.1500420270182965
0.14806436981598714
0.14481534374871258
0.1621244941583738
0.15745363561936818
0.16380515438897175
0.164067669763873
0.16641911200903556
0.157493532495255
0.16157020753774598
0.1478898598891777
0.15888533139906993
0.15062981389519214
0.15200612939648514
0.14624582082005727
0.16078439803880154
0.15048790782961852
0.15914666581411263
0.15463771602291815
0.14133425042752346
0.14867214795896347
0.15139930893663844
0.14752939366512968
0.14626509191843964
0.16902868678821298
0.15610265087922787
0.15832856955707458
0.14987971188699184
0.15166885517564732
0.1541651518929713
0.1657777455578766
0.15876714823506782
0.15165348274966398
0.1561238591809736
0.15564624239545607
0.1463311148030747
0.1456712964373938
0.15561883972587276
0.15855571149995246
0.16214606809835194
0.13921528432214733
0.15588317098476753
0.14877711005456598
0.14594159852176455
0.15787332880011462
0.152175979917739
0.15970536022062118
0.15930753706662512
0.1625738941334572
0.15156612721359602
0.14918769181052227
0.14761612927054363
0.13365740558328376
0.13984130510298493
0.14734691544740344
0.1469026076682866
0.14495490312398426
0.14782834767011727
0.15822949573092304
0.14254605765645434
0.14326927842575266
0.15394680279598022
0.15234018728829085
0.17060919483833037
0.17396462454202805
0.16938163951869598
0.16096055974947876
0.16686532971219944
0.16820407802693488
0.15875275494932017
0.15650053748134996
0.17408307308740634
0.17685386128146108
0.1798949590913515
0.17482696937097614
0.16602044032599594
0.2019983462604204
0.20353472911371356
0.20173084080644899
0.1923175686047549
0.19710189420511576
0.206231526726199
0.20437266706870094
0.21611260064472287
0.21806598531885843
0.21940136874429544
0.2177188597689449
0.21960411170357802
0.21908851635884063
0.20495256028570577
0.21911275205951433
0.21461540601294576
0.21261724985700325
0.20821207682487514
0.20458165189192012
0.2059745434622766
0.2069445427876464
0.2125918120076344
0.21301255024600835
0.2070874072563349
0.20359467024804762
0.20587851744475638
0.20573037689866047
0.20349750472896536
0.20690605892772929
0.20513869445325952
0.19915521773938605
0.2012453115578407
0.20867785821206053
0.20519355692301933
0.18027667225745186
0.08774695458515372
0.08742536721546423
0.1014613565490709
0.1420390874947676
0.16575812354331454
0.1823754484410291
0.1801362937512051
0.18498611050193467
0.18369709211009427
0.18473895223071884
0.19253527223274366
0.18743374373413937
0.18980446799733425
0.19109582329908337
0.1908802177679384
0.188959212972306
0.1896608117928072
0.194720943776791
0.19342471369584527
0.18539954470338546
0.1915849447526225
0.19313134374001317
0.18375731060746464
0.1853333030380321
0.1950669953321679
0.19133915228237816
0.19680040870934232
0.19333784847536545
0.19635629049849945
0.1858126922537256
0.18435496393879758
0.1628440690224102
0.1689963243946959
0.14977016077366423
0.15308072081229535
0.17337995938397396
0.1501758589004451
0.14752989714654557
0.18239183976621104
0.16060379870068825
0.1731161838878575
0.1760882732233714
0.18302192282090068
0.18171820978346176
0.1813773220778347
0.1673105460288599
0.16812263287380652
0.15906302324085658
0.164178413356834
0.16603697302346415
0.16221579912328069
0.16645297936739922
0.1600278119565467
0.17427272692329626
0.17393935385872694
0.17516329991434693
0.17626113482161673
0.18608438140187833
0.1676950842317606
0.1714684494875552
0.17071210574595774
0.1536687918697054
0.17059708475145097
0.1701902422847027
0.17860018818574938
0.17612056082060995
0.17693391830842378
0.17938614978712375
0.18651512794008723
0.1908495837796421
0.18690914337299663
0.1848330334655342
0.18290898331656624
0.1794159469793775
0.18437284996351072
0.1789289237521082
0.17695780928822014
0.17922648246431305
0.182303954866214
0.18052299139155056
0.1751100128247339
0.1682851050918431
0.16715879757386537
0.17399870452973015
0.17057747684726984
0.16416110502592846
0.17257414465395612
0.17384128793116366
0.17701749278563697
0.17208986423851141
0.1664177359551007
0.17128371343143306
0.16819360161726005
0.16463303754898834
0.15846558230086083
0.1649159973072536
0.16363995163267006
0.16514542188883752
0.16660897463639202
0.16417623001146472
0.15763758156860666
0.1655291598098525
0.16298628323179337
0.16487360265487497
0.172585326730193
0.162024682885489
0.16120529293490554
0.16422336578999647
0.16506183882629674
0.169209865765798
0.17177161720265666
0.18806474649510235
0.176976707104857
0.17530249101921697
0.18010554207627857
0.18499259793967265
0.1782274356888837
0.1792992896742303
0.1785447585623586
0.1744397641337242
0.17430238781133986
0.17714614678764695
0.17785633946124896
0.17337299915345597
0.17442378012033255
0.08529962429455046
0.07932716869550625
0.08986059955899016
0.09298865260139064
0.08958956487643209
0.11743028629008465
0.13969049178474632
0.17010021507892953
0.16744254600422603
0.16552851546569497
0.1784602946770162
0.15961390664391345
0.16990216348527898
0.175213451297909
0.17328855001918603
0.17317857348393362
0.17742488511101417
0.15967448973936493
0.14197158979703564
0.14092526379069653
0.14829498890222498
0.14818924555934215
0.17244363062598012
0.1774568984754487
0.16992247372961833
0.1778427619707806
0.17324453752074262
0.16957375117962403
0.16454773245647167
0.16863506636386943
0.1795155830173959
0.17657205840529377
0.18141328720448785
0.18695410532615295
0.19254869719972173
0.19402073735328676
0.18445314177038233
0.18261962331597792
0.17723872992337264
0.17533864320091427
0.17454235957438685
0.1832464139257467
0.18568616647043035
0.18828350467259608
0.17899674321910536
0.18559565646958215
0.1771635375065142
0.17971339322968993
0.17749230092881332
0.17566999804571815
0.1778324742754468
0.17566126574486146
0.17488201301840278
0.17205497259030433
0.1788289830417935
0.1714209228990574
0.17842692596142135
0.18381122294740299
0.17663196232804734
0.17549651415723244
0.17841583229748043
0.16732856442501215
0.16644554395115535
0.17234087875253537
0.17000933936766383
0.17551101405843503
0.17593012508352468
0.17951809456941817
0.1830445607361606
0.17359382159978592
0.17662068306230833
0.17146288461795584
0.17546587648765016
0.1740531867835312
0.16816201507949954
0.17567246931078356
0.18060424729131275
0.1857201943109814
0.1790941409214502
0.17453566247097416
0.17833493390506794
0.1768348019854931
0.1789235503426487
0.1263749476897946
0.08556277643240154
0.08234620291727311
0.09892171832275368
0.13451086726355055
0.1609270092224273
0.15612866754021737
0.16299710264653738
0.16524214102023188
0.1608111235111093
0.1626757432327175
0.16037966062746833
0.15972347931253683
0.1658400172247594
0.15778873646141223
0.1610892409709202
0.16602975185499896
0.15887973271164701
0.17249375082763158
0.15437157389402306
0.17243545634371105
0.16940045278974072
0.1699811362011988
0.17087960353633638
0.1649393399676939
0.16512033418602967
0.17176201386406742
0.16482241546897541
0.17209931932275846
0.17427203391618568
0.16744472315478828
0.16471469879175485
0.16845690807270416
0.16799895611358093
0.16625522099344403
0.16917742748685355
0.18241945071244708
0.17505533043563878
0.1803826005268646
0.17827625027290805
0.17636235537856565
0.18314010189678775
0.18126706658121372
0.18569777294091921
0.1701404673653415
0.19209570748875696
0.18186934645231517
0.18546875210719305
0.17341807890299682
0.1706703596592224
0.17286362402298866
0.1760576009232387
0.17532857947550354
0.17644329177768298
0.1790151567500113
0.193998749526969
0.19785667651460287
0.19358908457722734
0.18451524620607324
0.19340047159679358
0.19980730767911126
0.1902554379654253
0.19532418347327468
0.19007025099627928
0.19628081206542952
0.19338706121109056
0.19071860519858466
0.18839101071024328
0.19624633912478473
0.18715915832923144
0.1960802473607019
0.1958522988548002
0.19005169155531115
0.18585926751351511
0.19007598908975976
0.18749709701687822
0.18643513363900122
0.19174923882290693
0.18485431452820883
0.18413807036222163
0.1901828496108618
0.19723057466992902
0.18634971713663942
0.18614259402601963
0.193273228965787
0.19039949371948683
0.19665718701456453
0.19517188820362757
0.19069065894221662
0.19591364579136483
0.09677985819566054
0.09674706547542998
0.08777481565141568
0.09635986001858758
0.10764706157995821
0.10960046725170888
0.09595983643853397
0.10372943978858738
0.10364579752394518
0.09956730089993787
0.10513021669267286
0.09924480037583062
0.10342548858565712
0.1275515988290732
0.19017380545928975
0.22075714207496752
0.2181017603582881
0.22346166354019373
0.22917229993012894
0.22262173407708558
0.22961752512740613
0.22547279524592367
0.23990503119104234
0.2274529942400498
0.21760836790550753
0.2277206869948013
0.21077533022664813
0.20279076320846304
0.19259915961242619
0.2025503856131003
0.18600724651203188
0.17600351351551236
0.1808298898556091
0.16256626696141238
0.13496189845248505
0.15066422548037675
0.15563291724548162
0.16853736493424532
0.17108633855410132
0.1612336217485665
0.17389528994580644
0.18980472042441046
0.1591873419502417
0.18712274394875855
0.16926038203945937
0.17850914431556797
0.1755713419570042
0.1780717629331221
0.17638720028780153
0.17318305909867193
0.16477253696943084
0.16741922072103774
0.1733572909617806
0.16654752339605475
0.16658200716389343
0.17049398652472705
0.1667811674286877
0.16757436955905594
0.18230001821071612
0.18018819350879545
0.20393944445008544
0.19016759248771029
0.18382713050089966
0.1884665647560327
0.19777545095025845
0.19831493856870602
0.1984204757744975
0.20315261862720368
0.19347994645545932
0.20420400517396797
0.1946126428299838
0.19252590375256512
0.20011765202307769
0.19550183361456835
0.19374376167093482
0.19490126786695222
0.19877406665697978
0.19424432270131586
0.1932274652747094
0.19480806242615306
0.20112204888381705
0.1976646430918656
0.1943408035615315
0.1931119144970243
0.19984592026899226
0.19916452618974473
0.1978047268429593
0.19867617653632555
0.196407232457187
0.19633579297759218
0.14391549988405078
0.09818492047126429
0.09465666552232749
0.08819678615823966
0.0956175416429394
0.11920702877947914
0.1491017841946791
0.17730250571059775
0.1881125366904718
0.18680351267081596
0.18305894426873187
0.19308116400494807
0.19765802044684655
0.19138286190857057
0.17485349798445737
0.17602957185087909
0.1877851728568153
0.18732458667707377
0.18625691712897263
0.17817980291940885
0.18429787467463293
0.20488994811223793
0.19399771000110244
0.1762923728387751
0.18489798457790269
0.18881974902048207
0.19257576169297874
0.17514712824974993
0.17407405048122238
0.18805900375196305
0.18888086571794593
0.183566085620515
0.18117964249105886
0.19139605849401947
0.1937598725402852
0.17517194730738242
0.1843527324347463
0.18622733746543768
0.18663073187454737
0.18880230421864735
0.19491172664470302
0.19605284355880243
0.19566615426148765
0.18720358912321394
0.1934360451056964
0.18692855015553858
0.19093960655367778
0.1841157066745255
0.19077212220013898
0.18886591387513302
0.19492954268384635
0.18483163930622595
0.19281111475698387
0.18870891560444514
0.18195706939658607
0.1826258953868431
0.18427265760896067
0.1772727855219481
0.1777356860446297
0.1770775687980558
0.18625610474109838
0.1710049223798746
0.1909485393358151
0.18524116674580793
0.18475328180368156
0.170240128700555
0.18410128353517785
0.19023376606115724
0.18553685227157887
0.17881936312044477
0.1953820708569097
0.18988246749856522
0.18262891502282574
0.18056941589904282
0.1748235979386465
0.16086373302905327
0.16204129523314675
0.1626849939165912
0.15556905595593723
0.15898206168588397
0.16568433717569542
0.15952625347270316
0.15769744414102305
0.16192095921901994
0.15592663322226413
0.16299615532935757
0.1705683643496373
0.16407629610407384
0.17673935426907145
0.17959149370753408
0.18856212645669052
0.18090687906346753
0.18243741856147644
0.18178285957093765
0.1759783849271853
0.17655198845121367
0.18165028995319793
0.18351348831877357
0.17830627872267446